 -25  -10    0  8.9108  0.161284E+05
 -25   -5   -5  8.5980  0.119372E+06
 -25   -5    0  8.4373  0.114495E+05
 -25   -5    5  8.5980  0.119372E+06
 -25    0  -10  8.9108  0.161284E+05
 -25    0   -5  8.4373  0.114495E+05
 -25    0    0  8.2734  0.161284E+05
 -25    0    5  8.4373  0.114495E+05
 -25    0   10  8.9108  0.161284E+05
 -25    5   -5  8.5980  0.119372E+06
 -25    5    0  8.4373  0.114495E+05
 -25    5    5  8.5980  0.119372E+06
 -25   10    0  8.9108  0.161284E+05
 -20  -15  -10  8.9108  0.161284E+05
 -20  -15   -5  8.4373  0.114495E+05
 -20  -15    0  8.2734  0.161284E+05
 -20  -15    5  8.4373  0.114495E+05
 -20  -15   10  8.9108  0.161284E+05
 -20  -10  -15  8.9108  0.161284E+05
 -20  -10  -10  8.1063  0.335823E+06
 -20  -10   -5  7.5827  0.161284E+05
 -20  -10    0  7.4000  0.335823E+06
 -20  -10    5  7.5827  0.161284E+05
 -20  -10   10  8.1063  0.335823E+06
 -20  -10   15  8.9108  0.161284E+05
 -20   -5  -15  8.4373  0.114495E+05
 -20   -5  -10  7.5827  0.161284E+05
 -20   -5   -5  7.0202  0.114495E+05
 -20   -5    0  6.8224  0.161284E+05
 -20   -5    5  7.0202  0.114495E+05
 -20   -5   10  7.5827  0.161284E+05
 -20   -5   15  8.4373  0.114495E+05
 -20    0  -15  8.2734  0.161284E+05
 -20    0  -10  7.4000  0.335823E+06
 -20    0   -5  6.8224  0.161284E+05
 -20    0    0  6.6187  0.335823E+06
 -20    0    5  6.8224  0.161284E+05
 -20    0   10  7.4000  0.335823E+06
 -20    0   15  8.2734  0.161284E+05
 -20    5  -15  8.4373  0.114495E+05
 -20    5  -10  7.5827  0.161284E+05
 -20    5   -5  7.0202  0.114495E+05
 -20    5    0  6.8224  0.161284E+05
 -20    5    5  7.0202  0.114495E+05
 -20    5   10  7.5827  0.161284E+05
 -20    5   15  8.4373  0.114495E+05
 -20   10  -15  8.9108  0.161284E+05
 -20   10  -10  8.1063  0.335823E+06
 -20   10   -5  7.5827  0.161284E+05
 -20   10    0  7.4000  0.335823E+06
 -20   10    5  7.5827  0.161284E+05
 -20   10   10  8.1063  0.335823E+06
 -20   10   15  8.9108  0.161284E+05
 -20   15  -10  8.9108  0.161284E+05
 -20   15   -5  8.4373  0.114495E+05
 -20   15    0  8.2734  0.161284E+05
 -20   15    5  8.4373  0.114495E+05
 -20   15   10  8.9108  0.161284E+05
 -15  -20  -10  8.9108  0.161284E+05
 -15  -20   -5  8.4373  0.114495E+05
 -15  -20    0  8.2734  0.161284E+05
 -15  -20    5  8.4373  0.114495E+05
 -15  -20   10  8.9108  0.161284E+05
 -15  -15  -15  8.5980  0.119372E+06
 -15  -15  -10  7.7612  0.114495E+05
 -15  -15   -5  7.2126  0.119372E+06
 -15  -15    0  7.0202  0.114495E+05
 -15  -15    5  7.2126  0.119372E+06
 -15  -15   10  7.7612  0.114495E+05
 -15  -15   15  8.5980  0.119372E+06
 -15  -10  -20  8.9108  0.161284E+05
 -15  -10  -15  7.7612  0.114495E+05
 -15  -10  -10  6.8224  0.161284E+05
 -15  -10   -5  6.1913  0.114495E+05
 -15  -10    0  5.9661  0.161284E+05
 -15  -10    5  6.1913  0.114495E+05
 -15  -10   10  6.8224  0.161284E+05
 -15  -10   15  7.7612  0.114495E+05
 -15  -10   20  8.9108  0.161284E+05
 -15   -5  -20  8.4373  0.114495E+05
 -15   -5  -15  7.2126  0.119372E+06
 -15   -5  -10  6.1913  0.114495E+05
 -15   -5   -5  5.4880  0.119372E+06
 -15   -5    0  5.2326  0.114495E+05
 -15   -5    5  5.4880  0.119372E+06
 -15   -5   10  6.1913  0.114495E+05
 -15   -5   15  7.2126  0.119372E+06
 -15   -5   20  8.4373  0.114495E+05
 -15    0  -20  8.2734  0.161284E+05
 -15    0  -15  7.0202  0.114495E+05
 -15    0  -10  5.9661  0.161284E+05
 -15    0   -5  5.2326  0.114495E+05
 -15    0    0  4.9641  0.161284E+05
 -15    0    5  5.2326  0.114495E+05
 -15    0   10  5.9661  0.161284E+05
 -15    0   15  7.0202  0.114495E+05
 -15    0   20  8.2734  0.161284E+05
 -15    5  -20  8.4373  0.114495E+05
 -15    5  -15  7.2126  0.119372E+06
 -15    5  -10  6.1913  0.114495E+05
 -15    5   -5  5.4880  0.119372E+06
 -15    5    0  5.2326  0.114495E+05
 -15    5    5  5.4880  0.119372E+06
 -15    5   10  6.1913  0.114495E+05
 -15    5   15  7.2126  0.119372E+06
 -15    5   20  8.4373  0.114495E+05
 -15   10  -20  8.9108  0.161284E+05
 -15   10  -15  7.7612  0.114495E+05
 -15   10  -10  6.8224  0.161284E+05
 -15   10   -5  6.1913  0.114495E+05
 -15   10    0  5.9661  0.161284E+05
 -15   10    5  6.1913  0.114495E+05
 -15   10   10  6.8224  0.161284E+05
 -15   10   15  7.7612  0.114495E+05
 -15   10   20  8.9108  0.161284E+05
 -15   15  -15  8.5980  0.119372E+06
 -15   15  -10  7.7612  0.114495E+05
 -15   15   -5  7.2126  0.119372E+06
 -15   15    0  7.0202  0.114495E+05
 -15   15    5  7.2126  0.119372E+06
 -15   15   10  7.7612  0.114495E+05
 -15   15   15  8.5980  0.119372E+06
 -15   20  -10  8.9108  0.161284E+05
 -15   20   -5  8.4373  0.114495E+05
 -15   20    0  8.2734  0.161284E+05
 -15   20    5  8.4373  0.114495E+05
 -15   20   10  8.9108  0.161284E+05
 -10  -25    0  8.9108  0.161284E+05
 -10  -20  -15  8.9108  0.161284E+05
 -10  -20  -10  8.1063  0.335823E+06
 -10  -20   -5  7.5827  0.161284E+05
 -10  -20    0  7.4000  0.335823E+06
 -10  -20    5  7.5827  0.161284E+05
 -10  -20   10  8.1063  0.335823E+06
 -10  -20   15  8.9108  0.161284E+05
 -10  -15  -20  8.9108  0.161284E+05
 -10  -15  -15  7.7612  0.114495E+05
 -10  -15  -10  6.8224  0.161284E+05
 -10  -15   -5  6.1913  0.114495E+05
 -10  -15    0  5.9661  0.161284E+05
 -10  -15    5  6.1913  0.114495E+05
 -10  -15   10  6.8224  0.161284E+05
 -10  -15   15  7.7612  0.114495E+05
 -10  -15   20  8.9108  0.161284E+05
 -10  -10  -20  8.1063  0.335823E+06
 -10  -10  -15  6.8224  0.161284E+05
 -10  -10  -10  5.7320  0.335823E+06
 -10  -10   -5  4.9641  0.161284E+05
 -10  -10    0  4.6802  0.335823E+06
 -10  -10    5  4.9641  0.161284E+05
 -10  -10   10  5.7320  0.335823E+06
 -10  -10   15  6.8224  0.161284E+05
 -10  -10   20  8.1063  0.335823E+06
 -10   -5  -20  7.5827  0.161284E+05
 -10   -5  -15  6.1913  0.114495E+05
 -10   -5  -10  4.9641  0.161284E+05
 -10   -5   -5  4.0531  0.114495E+05
 -10   -5    0  3.7000  0.161284E+05
 -10   -5    5  4.0531  0.114495E+05
 -10   -5   10  4.9641  0.161284E+05
 -10   -5   15  6.1913  0.114495E+05
 -10   -5   20  7.5827  0.161284E+05
 -10    0  -25  8.9108  0.161284E+05
 -10    0  -20  7.4000  0.335823E+06
 -10    0  -15  5.9661  0.161284E+05
 -10    0  -10  4.6802  0.335823E+06
 -10    0   -5  3.7000  0.161284E+05
 -10    0    0  3.3094  0.335823E+06
 -10    0    5  3.7000  0.161284E+05
 -10    0   10  4.6802  0.335823E+06
 -10    0   15  5.9661  0.161284E+05
 -10    0   20  7.4000  0.335823E+06
 -10    0   25  8.9108  0.161284E+05
 -10    5  -20  7.5827  0.161284E+05
 -10    5  -15  6.1913  0.114495E+05
 -10    5  -10  4.9641  0.161284E+05
 -10    5   -5  4.0531  0.114495E+05
 -10    5    0  3.7000  0.161284E+05
 -10    5    5  4.0531  0.114495E+05
 -10    5   10  4.9641  0.161284E+05
 -10    5   15  6.1913  0.114495E+05
 -10    5   20  7.5827  0.161284E+05
 -10   10  -20  8.1063  0.335823E+06
 -10   10  -15  6.8224  0.161284E+05
 -10   10  -10  5.7320  0.335823E+06
 -10   10   -5  4.9641  0.161284E+05
 -10   10    0  4.6802  0.335823E+06
 -10   10    5  4.9641  0.161284E+05
 -10   10   10  5.7320  0.335823E+06
 -10   10   15  6.8224  0.161284E+05
 -10   10   20  8.1063  0.335823E+06
 -10   15  -20  8.9108  0.161284E+05
 -10   15  -15  7.7612  0.114495E+05
 -10   15  -10  6.8224  0.161284E+05
 -10   15   -5  6.1913  0.114495E+05
 -10   15    0  5.9661  0.161284E+05
 -10   15    5  6.1913  0.114495E+05
 -10   15   10  6.8224  0.161284E+05
 -10   15   15  7.7612  0.114495E+05
 -10   15   20  8.9108  0.161284E+05
 -10   20  -15  8.9108  0.161284E+05
 -10   20  -10  8.1063  0.335823E+06
 -10   20   -5  7.5827  0.161284E+05
 -10   20    0  7.4000  0.335823E+06
 -10   20    5  7.5827  0.161284E+05
 -10   20   10  8.1063  0.335823E+06
 -10   20   15  8.9108  0.161284E+05
 -10   25    0  8.9108  0.161284E+05
  -5  -25   -5  8.5980  0.119372E+06
  -5  -25    0  8.4373  0.114495E+05
  -5  -25    5  8.5980  0.119372E+06
  -5  -20  -15  8.4373  0.114495E+05
  -5  -20  -10  7.5827  0.161284E+05
  -5  -20   -5  7.0202  0.114495E+05
  -5  -20    0  6.8224  0.161284E+05
  -5  -20    5  7.0202  0.114495E+05
  -5  -20   10  7.5827  0.161284E+05
  -5  -20   15  8.4373  0.114495E+05
  -5  -15  -20  8.4373  0.114495E+05
  -5  -15  -15  7.2126  0.119372E+06
  -5  -15  -10  6.1913  0.114495E+05
  -5  -15   -5  5.4880  0.119372E+06
  -5  -15    0  5.2326  0.114495E+05
  -5  -15    5  5.4880  0.119372E+06
  -5  -15   10  6.1913  0.114495E+05
  -5  -15   15  7.2126  0.119372E+06
  -5  -15   20  8.4373  0.114495E+05
  -5  -10  -20  7.5827  0.161284E+05
  -5  -10  -15  6.1913  0.114495E+05
  -5  -10  -10  4.9641  0.161284E+05
  -5  -10   -5  4.0531  0.114495E+05
  -5  -10    0  3.7000  0.161284E+05
  -5  -10    5  4.0531  0.114495E+05
  -5  -10   10  4.9641  0.161284E+05
  -5  -10   15  6.1913  0.114495E+05
  -5  -10   20  7.5827  0.161284E+05
  -5   -5  -25  8.5980  0.119372E+06
  -5   -5  -20  7.0202  0.114495E+05
  -5   -5  -15  5.4880  0.119372E+06
  -5   -5  -10  4.0531  0.114495E+05
  -5   -5   -5  2.8660  0.119372E+06
  -5   -5    0  2.3401  0.114495E+05
  -5   -5    5  2.8660  0.119372E+06
  -5   -5   10  4.0531  0.114495E+05
  -5   -5   15  5.4880  0.119372E+06
  -5   -5   20  7.0202  0.114495E+05
  -5   -5   25  8.5980  0.119372E+06
  -5    0  -25  8.4373  0.114495E+05
  -5    0  -20  6.8224  0.161284E+05
  -5    0  -15  5.2326  0.114495E+05
  -5    0  -10  3.7000  0.161284E+05
  -5    0   -5  2.3401  0.114495E+05
  -5    0    0  1.6547  0.161284E+05
  -5    0    5  2.3401  0.114495E+05
  -5    0   10  3.7000  0.161284E+05
  -5    0   15  5.2326  0.114495E+05
  -5    0   20  6.8224  0.161284E+05
  -5    0   25  8.4373  0.114495E+05
  -5    5  -25  8.5980  0.119372E+06
  -5    5  -20  7.0202  0.114495E+05
  -5    5  -15  5.4880  0.119372E+06
  -5    5  -10  4.0531  0.114495E+05
  -5    5   -5  2.8660  0.119372E+06
  -5    5    0  2.3401  0.114495E+05
  -5    5    5  2.8660  0.119372E+06
  -5    5   10  4.0531  0.114495E+05
  -5    5   15  5.4880  0.119372E+06
  -5    5   20  7.0202  0.114495E+05
  -5    5   25  8.5980  0.119372E+06
  -5   10  -20  7.5827  0.161284E+05
  -5   10  -15  6.1913  0.114495E+05
  -5   10  -10  4.9641  0.161284E+05
  -5   10   -5  4.0531  0.114495E+05
  -5   10    0  3.7000  0.161284E+05
  -5   10    5  4.0531  0.114495E+05
  -5   10   10  4.9641  0.161284E+05
  -5   10   15  6.1913  0.114495E+05
  -5   10   20  7.5827  0.161284E+05
  -5   15  -20  8.4373  0.114495E+05
  -5   15  -15  7.2126  0.119372E+06
  -5   15  -10  6.1913  0.114495E+05
  -5   15   -5  5.4880  0.119372E+06
  -5   15    0  5.2326  0.114495E+05
  -5   15    5  5.4880  0.119372E+06
  -5   15   10  6.1913  0.114495E+05
  -5   15   15  7.2126  0.119372E+06
  -5   15   20  8.4373  0.114495E+05
  -5   20  -15  8.4373  0.114495E+05
  -5   20  -10  7.5827  0.161284E+05
  -5   20   -5  7.0202  0.114495E+05
  -5   20    0  6.8224  0.161284E+05
  -5   20    5  7.0202  0.114495E+05
  -5   20   10  7.5827  0.161284E+05
  -5   20   15  8.4373  0.114495E+05
  -5   25   -5  8.5980  0.119372E+06
  -5   25    0  8.4373  0.114495E+05
  -5   25    5  8.5980  0.119372E+06
   0  -25  -10  8.9108  0.161284E+05
   0  -25   -5  8.4373  0.114495E+05
   0  -25    0  8.2734  0.161284E+05
   0  -25    5  8.4373  0.114495E+05
   0  -25   10  8.9108  0.161284E+05
   0  -20  -15  8.2734  0.161284E+05
   0  -20  -10  7.4000  0.335823E+06
   0  -20   -5  6.8224  0.161284E+05
   0  -20    0  6.6187  0.335823E+06
   0  -20    5  6.8224  0.161284E+05
   0  -20   10  7.4000  0.335823E+06
   0  -20   15  8.2734  0.161284E+05
   0  -15  -20  8.2734  0.161284E+05
   0  -15  -15  7.0202  0.114495E+05
   0  -15  -10  5.9661  0.161284E+05
   0  -15   -5  5.2326  0.114495E+05
   0  -15    0  4.9641  0.161284E+05
   0  -15    5  5.2326  0.114495E+05
   0  -15   10  5.9661  0.161284E+05
   0  -15   15  7.0202  0.114495E+05
   0  -15   20  8.2734  0.161284E+05
   0  -10  -25  8.9108  0.161284E+05
   0  -10  -20  7.4000  0.335823E+06
   0  -10  -15  5.9661  0.161284E+05
   0  -10  -10  4.6802  0.335823E+06
   0  -10   -5  3.7000  0.161284E+05
   0  -10    0  3.3094  0.335823E+06
   0  -10    5  3.7000  0.161284E+05
   0  -10   10  4.6802  0.335823E+06
   0  -10   15  5.9661  0.161284E+05
   0  -10   20  7.4000  0.335823E+06
   0  -10   25  8.9108  0.161284E+05
   0   -5  -25  8.4373  0.114495E+05
   0   -5  -20  6.8224  0.161284E+05
   0   -5  -15  5.2326  0.114495E+05
   0   -5  -10  3.7000  0.161284E+05
   0   -5   -5  2.3401  0.114495E+05
   0   -5    0  1.6547  0.161284E+05
   0   -5    5  2.3401  0.114495E+05
   0   -5   10  3.7000  0.161284E+05
   0   -5   15  5.2326  0.114495E+05
   0   -5   20  6.8224  0.161284E+05
   0   -5   25  8.4373  0.114495E+05
   0    0  -25  8.2734  0.161284E+05
   0    0  -20  6.6187  0.335823E+06
   0    0  -15  4.9641  0.161284E+05
   0    0  -10  3.3094  0.335823E+06
   0    0   -5  1.6547  0.161284E+05
   0    0    5  1.6547  0.161284E+05
   0    0   10  3.3094  0.335823E+06
   0    0   15  4.9641  0.161284E+05
   0    0   20  6.6187  0.335823E+06
   0    0   25  8.2734  0.161284E+05
   0    5  -25  8.4373  0.114495E+05
   0    5  -20  6.8224  0.161284E+05
   0    5  -15  5.2326  0.114495E+05
   0    5  -10  3.7000  0.161284E+05
   0    5   -5  2.3401  0.114495E+05
   0    5    0  1.6547  0.161284E+05
   0    5    5  2.3401  0.114495E+05
   0    5   10  3.7000  0.161284E+05
   0    5   15  5.2326  0.114495E+05
   0    5   20  6.8224  0.161284E+05
   0    5   25  8.4373  0.114495E+05
   0   10  -25  8.9108  0.161284E+05
   0   10  -20  7.4000  0.335823E+06
   0   10  -15  5.9661  0.161284E+05
   0   10  -10  4.6802  0.335823E+06
   0   10   -5  3.7000  0.161284E+05
   0   10    0  3.3094  0.335823E+06
   0   10    5  3.7000  0.161284E+05
   0   10   10  4.6802  0.335823E+06
   0   10   15  5.9661  0.161284E+05
   0   10   20  7.4000  0.335823E+06
   0   10   25  8.9108  0.161284E+05
   0   15  -20  8.2734  0.161284E+05
   0   15  -15  7.0202  0.114495E+05
   0   15  -10  5.9661  0.161284E+05
   0   15   -5  5.2326  0.114495E+05
   0   15    0  4.9641  0.161284E+05
   0   15    5  5.2326  0.114495E+05
   0   15   10  5.9661  0.161284E+05
   0   15   15  7.0202  0.114495E+05
   0   15   20  8.2734  0.161284E+05
   0   20  -15  8.2734  0.161284E+05
   0   20  -10  7.4000  0.335823E+06
   0   20   -5  6.8224  0.161284E+05
   0   20    0  6.6187  0.335823E+06
   0   20    5  6.8224  0.161284E+05
   0   20   10  7.4000  0.335823E+06
   0   20   15  8.2734  0.161284E+05
   0   25  -10  8.9108  0.161284E+05
   0   25   -5  8.4373  0.114495E+05
   0   25    0  8.2734  0.161284E+05
   0   25    5  8.4373  0.114495E+05
   0   25   10  8.9108  0.161284E+05
   5  -25   -5  8.5980  0.119372E+06
   5  -25    0  8.4373  0.114495E+05
   5  -25    5  8.5980  0.119372E+06
   5  -20  -15  8.4373  0.114495E+05
   5  -20  -10  7.5827  0.161284E+05
   5  -20   -5  7.0202  0.114495E+05
   5  -20    0  6.8224  0.161284E+05
   5  -20    5  7.0202  0.114495E+05
   5  -20   10  7.5827  0.161284E+05
   5  -20   15  8.4373  0.114495E+05
   5  -15  -20  8.4373  0.114495E+05
   5  -15  -15  7.2126  0.119372E+06
   5  -15  -10  6.1913  0.114495E+05
   5  -15   -5  5.4880  0.119372E+06
   5  -15    0  5.2326  0.114495E+05
   5  -15    5  5.4880  0.119372E+06
   5  -15   10  6.1913  0.114495E+05
   5  -15   15  7.2126  0.119372E+06
   5  -15   20  8.4373  0.114495E+05
   5  -10  -20  7.5827  0.161284E+05
   5  -10  -15  6.1913  0.114495E+05
   5  -10  -10  4.9641  0.161284E+05
   5  -10   -5  4.0531  0.114495E+05
   5  -10    0  3.7000  0.161284E+05
   5  -10    5  4.0531  0.114495E+05
   5  -10   10  4.9641  0.161284E+05
   5  -10   15  6.1913  0.114495E+05
   5  -10   20  7.5827  0.161284E+05
   5   -5  -25  8.5980  0.119372E+06
   5   -5  -20  7.0202  0.114495E+05
   5   -5  -15  5.4880  0.119372E+06
   5   -5  -10  4.0531  0.114495E+05
   5   -5   -5  2.8660  0.119372E+06
   5   -5    0  2.3401  0.114495E+05
   5   -5    5  2.8660  0.119372E+06
   5   -5   10  4.0531  0.114495E+05
   5   -5   15  5.4880  0.119372E+06
   5   -5   20  7.0202  0.114495E+05
   5   -5   25  8.5980  0.119372E+06
   5    0  -25  8.4373  0.114495E+05
   5    0  -20  6.8224  0.161284E+05
   5    0  -15  5.2326  0.114495E+05
   5    0  -10  3.7000  0.161284E+05
   5    0   -5  2.3401  0.114495E+05
   5    0    0  1.6547  0.161284E+05
   5    0    5  2.3401  0.114495E+05
   5    0   10  3.7000  0.161284E+05
   5    0   15  5.2326  0.114495E+05
   5    0   20  6.8224  0.161284E+05
   5    0   25  8.4373  0.114495E+05
   5    5  -25  8.5980  0.119372E+06
   5    5  -20  7.0202  0.114495E+05
   5    5  -15  5.4880  0.119372E+06
   5    5  -10  4.0531  0.114495E+05
   5    5   -5  2.8660  0.119372E+06
   5    5    0  2.3401  0.114495E+05
   5    5    5  2.8660  0.119372E+06
   5    5   10  4.0531  0.114495E+05
   5    5   15  5.4880  0.119372E+06
   5    5   20  7.0202  0.114495E+05
   5    5   25  8.5980  0.119372E+06
   5   10  -20  7.5827  0.161284E+05
   5   10  -15  6.1913  0.114495E+05
   5   10  -10  4.9641  0.161284E+05
   5   10   -5  4.0531  0.114495E+05
   5   10    0  3.7000  0.161284E+05
   5   10    5  4.0531  0.114495E+05
   5   10   10  4.9641  0.161284E+05
   5   10   15  6.1913  0.114495E+05
   5   10   20  7.5827  0.161284E+05
   5   15  -20  8.4373  0.114495E+05
   5   15  -15  7.2126  0.119372E+06
   5   15  -10  6.1913  0.114495E+05
   5   15   -5  5.4880  0.119372E+06
   5   15    0  5.2326  0.114495E+05
   5   15    5  5.4880  0.119372E+06
   5   15   10  6.1913  0.114495E+05
   5   15   15  7.2126  0.119372E+06
   5   15   20  8.4373  0.114495E+05
   5   20  -15  8.4373  0.114495E+05
   5   20  -10  7.5827  0.161284E+05
   5   20   -5  7.0202  0.114495E+05
   5   20    0  6.8224  0.161284E+05
   5   20    5  7.0202  0.114495E+05
   5   20   10  7.5827  0.161284E+05
   5   20   15  8.4373  0.114495E+05
   5   25   -5  8.5980  0.119372E+06
   5   25    0  8.4373  0.114495E+05
   5   25    5  8.5980  0.119372E+06
  10  -25    0  8.9108  0.161284E+05
  10  -20  -15  8.9108  0.161284E+05
  10  -20  -10  8.1063  0.335823E+06
  10  -20   -5  7.5827  0.161284E+05
  10  -20    0  7.4000  0.335823E+06
  10  -20    5  7.5827  0.161284E+05
  10  -20   10  8.1063  0.335823E+06
  10  -20   15  8.9108  0.161284E+05
  10  -15  -20  8.9108  0.161284E+05
  10  -15  -15  7.7612  0.114495E+05
  10  -15  -10  6.8224  0.161284E+05
  10  -15   -5  6.1913  0.114495E+05
  10  -15    0  5.9661  0.161284E+05
  10  -15    5  6.1913  0.114495E+05
  10  -15   10  6.8224  0.161284E+05
  10  -15   15  7.7612  0.114495E+05
  10  -15   20  8.9108  0.161284E+05
  10  -10  -20  8.1063  0.335823E+06
  10  -10  -15  6.8224  0.161284E+05
  10  -10  -10  5.7320  0.335823E+06
  10  -10   -5  4.9641  0.161284E+05
  10  -10    0  4.6802  0.335823E+06
  10  -10    5  4.9641  0.161284E+05
  10  -10   10  5.7320  0.335823E+06
  10  -10   15  6.8224  0.161284E+05
  10  -10   20  8.1063  0.335823E+06
  10   -5  -20  7.5827  0.161284E+05
  10   -5  -15  6.1913  0.114495E+05
  10   -5  -10  4.9641  0.161284E+05
  10   -5   -5  4.0531  0.114495E+05
  10   -5    0  3.7000  0.161284E+05
  10   -5    5  4.0531  0.114495E+05
  10   -5   10  4.9641  0.161284E+05
  10   -5   15  6.1913  0.114495E+05
  10   -5   20  7.5827  0.161284E+05
  10    0  -25  8.9108  0.161284E+05
  10    0  -20  7.4000  0.335823E+06
  10    0  -15  5.9661  0.161284E+05
  10    0  -10  4.6802  0.335823E+06
  10    0   -5  3.7000  0.161284E+05
  10    0    0  3.3094  0.335823E+06
  10    0    5  3.7000  0.161284E+05
  10    0   10  4.6802  0.335823E+06
  10    0   15  5.9661  0.161284E+05
  10    0   20  7.4000  0.335823E+06
  10    0   25  8.9108  0.161284E+05
  10    5  -20  7.5827  0.161284E+05
  10    5  -15  6.1913  0.114495E+05
  10    5  -10  4.9641  0.161284E+05
  10    5   -5  4.0531  0.114495E+05
  10    5    0  3.7000  0.161284E+05
  10    5    5  4.0531  0.114495E+05
  10    5   10  4.9641  0.161284E+05
  10    5   15  6.1913  0.114495E+05
  10    5   20  7.5827  0.161284E+05
  10   10  -20  8.1063  0.335823E+06
  10   10  -15  6.8224  0.161284E+05
  10   10  -10  5.7320  0.335823E+06
  10   10   -5  4.9641  0.161284E+05
  10   10    0  4.6802  0.335823E+06
  10   10    5  4.9641  0.161284E+05
  10   10   10  5.7320  0.335823E+06
  10   10   15  6.8224  0.161284E+05
  10   10   20  8.1063  0.335823E+06
  10   15  -20  8.9108  0.161284E+05
  10   15  -15  7.7612  0.114495E+05
  10   15  -10  6.8224  0.161284E+05
  10   15   -5  6.1913  0.114495E+05
  10   15    0  5.9661  0.161284E+05
  10   15    5  6.1913  0.114495E+05
  10   15   10  6.8224  0.161284E+05
  10   15   15  7.7612  0.114495E+05
  10   15   20  8.9108  0.161284E+05
  10   20  -15  8.9108  0.161284E+05
  10   20  -10  8.1063  0.335823E+06
  10   20   -5  7.5827  0.161284E+05
  10   20    0  7.4000  0.335823E+06
  10   20    5  7.5827  0.161284E+05
  10   20   10  8.1063  0.335823E+06
  10   20   15  8.9108  0.161284E+05
  10   25    0  8.9108  0.161284E+05
  15  -20  -10  8.9108  0.161284E+05
  15  -20   -5  8.4373  0.114495E+05
  15  -20    0  8.2734  0.161284E+05
  15  -20    5  8.4373  0.114495E+05
  15  -20   10  8.9108  0.161284E+05
  15  -15  -15  8.5980  0.119372E+06
  15  -15  -10  7.7612  0.114495E+05
  15  -15   -5  7.2126  0.119372E+06
  15  -15    0  7.0202  0.114495E+05
  15  -15    5  7.2126  0.119372E+06
  15  -15   10  7.7612  0.114495E+05
  15  -15   15  8.5980  0.119372E+06
  15  -10  -20  8.9108  0.161284E+05
  15  -10  -15  7.7612  0.114495E+05
  15  -10  -10  6.8224  0.161284E+05
  15  -10   -5  6.1913  0.114495E+05
  15  -10    0  5.9661  0.161284E+05
  15  -10    5  6.1913  0.114495E+05
  15  -10   10  6.8224  0.161284E+05
  15  -10   15  7.7612  0.114495E+05
  15  -10   20  8.9108  0.161284E+05
  15   -5  -20  8.4373  0.114495E+05
  15   -5  -15  7.2126  0.119372E+06
  15   -5  -10  6.1913  0.114495E+05
  15   -5   -5  5.4880  0.119372E+06
  15   -5    0  5.2326  0.114495E+05
  15   -5    5  5.4880  0.119372E+06
  15   -5   10  6.1913  0.114495E+05
  15   -5   15  7.2126  0.119372E+06
  15   -5   20  8.4373  0.114495E+05
  15    0  -20  8.2734  0.161284E+05
  15    0  -15  7.0202  0.114495E+05
  15    0  -10  5.9661  0.161284E+05
  15    0   -5  5.2326  0.114495E+05
  15    0    0  4.9641  0.161284E+05
  15    0    5  5.2326  0.114495E+05
  15    0   10  5.9661  0.161284E+05
  15    0   15  7.0202  0.114495E+05
  15    0   20  8.2734  0.161284E+05
  15    5  -20  8.4373  0.114495E+05
  15    5  -15  7.2126  0.119372E+06
  15    5  -10  6.1913  0.114495E+05
  15    5   -5  5.4880  0.119372E+06
  15    5    0  5.2326  0.114495E+05
  15    5    5  5.4880  0.119372E+06
  15    5   10  6.1913  0.114495E+05
  15    5   15  7.2126  0.119372E+06
  15    5   20  8.4373  0.114495E+05
  15   10  -20  8.9108  0.161284E+05
  15   10  -15  7.7612  0.114495E+05
  15   10  -10  6.8224  0.161284E+05
  15   10   -5  6.1913  0.114495E+05
  15   10    0  5.9661  0.161284E+05
  15   10    5  6.1913  0.114495E+05
  15   10   10  6.8224  0.161284E+05
  15   10   15  7.7612  0.114495E+05
  15   10   20  8.9108  0.161284E+05
  15   15  -15  8.5980  0.119372E+06
  15   15  -10  7.7612  0.114495E+05
  15   15   -5  7.2126  0.119372E+06
  15   15    0  7.0202  0.114495E+05
  15   15    5  7.2126  0.119372E+06
  15   15   10  7.7612  0.114495E+05
  15   15   15  8.5980  0.119372E+06
  15   20  -10  8.9108  0.161284E+05
  15   20   -5  8.4373  0.114495E+05
  15   20    0  8.2734  0.161284E+05
  15   20    5  8.4373  0.114495E+05
  15   20   10  8.9108  0.161284E+05
  20  -15  -10  8.9108  0.161284E+05
  20  -15   -5  8.4373  0.114495E+05
  20  -15    0  8.2734  0.161284E+05
  20  -15    5  8.4373  0.114495E+05
  20  -15   10  8.9108  0.161284E+05
  20  -10  -15  8.9108  0.161284E+05
  20  -10  -10  8.1063  0.335823E+06
  20  -10   -5  7.5827  0.161284E+05
  20  -10    0  7.4000  0.335823E+06
  20  -10    5  7.5827  0.161284E+05
  20  -10   10  8.1063  0.335823E+06
  20  -10   15  8.9108  0.161284E+05
  20   -5  -15  8.4373  0.114495E+05
  20   -5  -10  7.5827  0.161284E+05
  20   -5   -5  7.0202  0.114495E+05
  20   -5    0  6.8224  0.161284E+05
  20   -5    5  7.0202  0.114495E+05
  20   -5   10  7.5827  0.161284E+05
  20   -5   15  8.4373  0.114495E+05
  20    0  -15  8.2734  0.161284E+05
  20    0  -10  7.4000  0.335823E+06
  20    0   -5  6.8224  0.161284E+05
  20    0    0  6.6187  0.335823E+06
  20    0    5  6.8224  0.161284E+05
  20    0   10  7.4000  0.335823E+06
  20    0   15  8.2734  0.161284E+05
  20    5  -15  8.4373  0.114495E+05
  20    5  -10  7.5827  0.161284E+05
  20    5   -5  7.0202  0.114495E+05
  20    5    0  6.8224  0.161284E+05
  20    5    5  7.0202  0.114495E+05
  20    5   10  7.5827  0.161284E+05
  20    5   15  8.4373  0.114495E+05
  20   10  -15  8.9108  0.161284E+05
  20   10  -10  8.1063  0.335823E+06
  20   10   -5  7.5827  0.161284E+05
  20   10    0  7.4000  0.335823E+06
  20   10    5  7.5827  0.161284E+05
  20   10   10  8.1063  0.335823E+06
  20   10   15  8.9108  0.161284E+05
  20   15  -10  8.9108  0.161284E+05
  20   15   -5  8.4373  0.114495E+05
  20   15    0  8.2734  0.161284E+05
  20   15    5  8.4373  0.114495E+05
  20   15   10  8.9108  0.161284E+05
  25  -10    0  8.9108  0.161284E+05
  25   -5   -5  8.5980  0.119372E+06
  25   -5    0  8.4373  0.114495E+05
  25   -5    5  8.5980  0.119372E+06
  25    0  -10  8.9108  0.161284E+05
  25    0   -5  8.4373  0.114495E+05
  25    0    0  8.2734  0.161284E+05
  25    0    5  8.4373  0.114495E+05
  25    0   10  8.9108  0.161284E+05
  25    5   -5  8.5980  0.119372E+06
  25    5    0  8.4373  0.114495E+05
  25    5    5  8.5980  0.119372E+06
  25   10    0  8.9108  0.161284E+05
