 2006.216932      1.811036
 2008.426696      1.845392
 2010.638677      1.879458
 2012.852875      1.912440
 2015.069802      1.943476
 2017.289287      1.971671
 2019.510990      1.996134
 2021.735251      2.016088
 2023.961729      2.030911
 2026.190936      2.040230
 2028.422531      2.043964
 2030.656514      2.042362
 2032.893055      2.035996
 2035.131814      2.025737
 2037.373302      2.012792
 2039.617347      1.998377
 2041.863611      1.983902
 2044.112262      1.970839
 2046.363641      1.960674
 2048.617580      1.954878
 2050.873735      1.954857
 2053.132620      1.961925
 2055.393722      1.977262
 2057.657382      2.001886
 2059.923771      2.036615
 2062.192548      2.082025
 2064.463542      2.138419
 2066.737265      2.205819
 2069.013547      2.283905
 2071.292387      2.372011
 2073.573615      2.469100
 2075.857230      2.573769
 2078.143404      2.684252
 2080.432307      2.798420
 2082.723598      2.913779
 2085.017276      3.027551
 2087.313684      3.136733
 2089.612650      3.238175
 2091.914174      3.328740
 2094.218086      3.405464
 2096.524386      3.465734
 2098.833415      3.507546
 2101.145173      3.529717
 2103.459319      3.532024
 2105.775682      3.515185
 2108.094944      3.480698
 2110.416765      3.430714
 2112.741144      3.367813
 2115.068082      3.294778
 2117.397407      3.214414
 2119.729461      3.129380
 2122.064074      3.042105
 2124.401416      2.954683
 2126.741145      2.868857
 2129.083263      2.785970
 2131.428109      2.706979
 2133.775684      2.632533
 2136.125818      2.563024
 2138.478169      2.498675
 2140.833590      2.439594
 2143.191399      2.385913
 2145.551936      2.337781
 2147.915033      2.295428
 2150.280346      2.259164
 2152.648729      2.229369
 2155.019501      2.206525
 2157.393001      2.191184
 2159.768889      2.183988
 2162.147677      2.185668
 2164.529022      2.197050
 2166.912927      2.219053
 2169.299560      2.252696
 2171.688581      2.299076
 2174.080502      2.359386
 2176.474981      2.434868
 2178.872018      2.526806
 2181.271785      2.636518
 2183.673939      2.765213
 2186.079163      2.914089
 2188.486775      3.083813
 2190.897116      3.274746
 2193.309845      3.486574
 2195.725644      3.718646
 2198.144001      3.968902
 2200.564917      4.234569
 2202.988561      4.511916
 2205.414764      4.796117
 2207.843696      5.081331
 2210.275357      5.360719
 2212.709747      5.626586
 2215.146524      5.870574
 2217.586202      6.084156
 2220.028608      6.258968
 2222.473743      6.387522
 2224.921607      6.463894
 2227.371859      6.484224
 2229.825010      6.447165
 2232.280890      6.353973
 2234.739499      6.208311
 2237.200496      6.015850
 2239.664564      5.783619
 2242.131360      5.519579
 2244.600714      5.232024
 2247.072968      4.929093
 2249.547439      4.618912
 2252.025151      4.308497
 2254.505421      4.004234
 2256.988591      3.711434
 2259.474148      3.434488
 2261.962606      3.176647
 2264.453962      2.940229
 2266.948048      2.726636
 2269.444692      2.536427
 2271.944064      2.369418
 2274.446337      2.224839
 2276.951338      2.101482
 2279.459068      1.997801
 2281.969698      1.912034
 2284.482715      1.842335
 2286.998803      1.786807
 2289.517790      1.743627
 2292.039336      1.711076
 2294.563440      1.687544
 2297.090614      1.671573
 2299.620687      1.661848
 2302.153490      1.657222
 2304.689021      1.656687
 2307.227111      1.659368
 2309.768270      1.664515
 2312.312159      1.671484
 2314.858947      1.679743
 2317.408124      1.688865
 2319.960540      1.698542
 2322.515686      1.708587
 2325.073731      1.718950
 2327.634505      1.729711
 2330.197838      1.741100
 2332.764240      1.753426
 2335.333542      1.767099
 2337.905573      1.782581
 2340.480504      1.800349
 2343.057993      1.820864
 2345.638722      1.844557
 2348.222181      1.871792
 2350.808368      1.902886
 2353.397284      1.938144
 2355.989271      1.977719
 2358.584157      2.021768
 2361.181772      2.070437
 2363.782457      2.123906
 2366.385529      2.182406
 2368.991843      2.246325
 2371.601056      2.316226
 2374.213168      2.392952
 2376.827668      2.477671
 2379.445580      2.572003
 2382.066220      2.677928
 2384.689760      2.797820
 2387.316199      2.934319
 2389.945368      3.090142
 2392.577606      3.267930
 2395.212744      3.469979
 2397.850781      3.698035
 2400.491377      3.953037
 2403.135213      4.235051
 2405.782120      4.542923
 2408.431755      4.874189
 2411.084290      5.225122
 2413.739554      5.590468
 2416.398058      5.963633
 2419.059462      6.336531
 2421.723766      6.699912
 2424.390798      7.043554
 2427.060901      7.356779
 2429.734073      7.628897
 2432.410145      7.849997
 2435.089117      8.011830
 2437.770817      8.108599
 2440.455758      8.137605
 2443.143599      8.099498
 2445.834510      7.998232
 2448.528320      7.840629
 2451.224688      7.635732
 2453.924468      7.393920
 2456.627147      7.126343
 2459.332897      6.844095
 2462.041205      6.557773
 2464.752923      6.276804
 2467.467542      6.009359
 2470.185230      5.761920
 2472.905818      5.539203
 2475.629135      5.344028
 2478.355693      5.177275
 2481.085320      5.038052
 2483.818018      4.923773
 2486.553274      4.830412
 2489.291941      4.752745
 2492.033679      4.684845
 2494.778315      4.620508
 2497.526022      4.553779
 2500.276458      4.479492
 2503.030305      4.393650
 2505.787052      4.293751
 2508.546868      4.178802
 2511.309755      4.049256
 2514.075370      3.906769
 2516.844397      3.753957
 2519.616323      3.593666
 2522.391490      3.429263
 2525.169215      3.264227
 2527.950522      3.101786
 2530.734729      2.944969
 2533.522006      2.796337
 2536.312352      2.657964
 2539.105598      2.531386
 2541.902085      2.417552
 2544.701642      2.316884
 2547.504439      2.229272
 2550.309795      2.154335
 2553.118733      2.091262
 2555.930740      2.038487
 2558.745818      1.994556
 2561.563966      1.958103
 2564.384843      1.927452
 2567.209301      1.901155
 2570.036830      1.877895
 2572.867428      1.856828
 2575.700756      1.837394
 2578.537665      1.819300
 2581.377644      1.802585
 2584.220694      1.787508
 2587.066813      1.774490
 2589.916003      1.764089
 2592.768433      1.756912
 2595.624104      1.753560
 2598.482844      1.754588
 2601.344485      1.760478
 2604.209536      1.771502
 2607.077828      1.787796
 2609.949191      1.809293
 2612.823793      1.835712
 2615.701125      1.866537
 2618.582039      1.901002
 2621.466022      1.938118
 2624.353417      1.976708
 2627.243711      2.015423
 2630.137076      2.052826
 2633.033851      2.087455
 2635.933867      2.117888
 2638.836953      2.142917
 2641.743110      2.161572
 2644.652677      2.173303
 2647.565485      2.178424
 2650.481363      2.177624
 2653.400653      2.172102
 2656.322671      2.163484
 2659.248271      2.153708
 2662.177111      2.144915
 2665.109193      2.139326
 2668.044344      2.139132
 2670.982736      2.146398
 2673.924539      2.162971
 2676.869583      2.190389
 2679.817867      2.229814
 2682.769051      2.281952
 2685.723816      2.347027
 2688.681823      2.424698
 2691.643070      2.514059
 2694.607728      2.613621
 2697.575115      2.721257
 2700.546254      2.834408
 2703.520463      2.949915
 2706.498084      3.064195
 2709.478774      3.173339
 2712.462876      3.273187
 2715.450389      3.359513
 2718.441142      3.428425
 2721.435137      3.476584
 2724.432201      3.501475
 2727.432847      3.501625
 2730.436733      3.476700
 2733.444031      3.427492
 2736.454229      3.355810
 2739.468178      3.264224
 2742.485368      3.155898
 2745.505970      3.034303
 2748.529812      2.903041
 2751.556724      2.765665
 2754.587218      2.625503
 2757.620952      2.485631
 2760.658268      2.348715
 2763.698484      2.217058
 2766.742281      2.092458
 2769.789661      1.976297
 2772.840110      1.869544
 2775.894141      1.772727
 2778.951071      1.686053
 2782.011925      1.609371
 2785.075848      1.542333
 2788.143353      1.484361
 2791.213758      1.434770
 2794.288085      1.392763
 2797.365654      1.357534
 2800.446633      1.328268
 2803.531023      1.304180
 2806.618313      1.284479
 2809.709526      1.268602
 2812.804150      1.256037
 2815.902186      1.246302
 2819.003461      1.239026
 2822.107978      1.233916
 2825.216247      1.230772
 2828.327927      1.229482
 2831.442847      1.230010
 2834.561179      1.232387
 2837.683092      1.236705
 2840.808417      1.243106
 2843.937323      1.251767
 2847.069471      1.262878
 2850.204858      1.276665
 2853.343998      1.293385
 2856.486720      1.313238
 2859.632853      1.336390
 2862.782056      1.362944
 2865.935011      1.392941
 2869.091377      1.426321
 2872.251496      1.462919
 2875.415026      1.502434
 2878.581626      1.544432
 2881.751978      1.588334
 2884.925742      1.633402
 2888.103258      1.678748
 2891.284184      1.723335
 2894.468181      1.766035
 2897.656272      1.805635
 2900.847773      1.840861
 2904.042686      1.870483
 2907.240669      1.893404
 2910.442745      1.908755
 2913.648233      1.915964
 2916.857131      1.914836
 2920.069782      1.905544
 2923.285503      1.888624
 2926.505318      1.864907
 2929.728543      1.835464
 2932.955180      1.801521
 2936.185228      1.764394
 2939.419028      1.725419
 2942.656581      1.685916
 2945.897545      1.647146
 2949.141920      1.610267
 2952.389706      1.576330
 2955.641585      1.546234
 2958.896876      1.520723
 2962.155919      1.500187
 2965.418032      1.485046
 2968.683897      1.475916
 2971.953515      1.472872
 2975.226885      1.475837
 2978.503666      1.484549
 2981.783858      1.498612
 2985.067803      1.517515
 2988.355500      1.540612
 2991.646949      1.567135
 2994.941469      1.596204
 2998.240081      1.626851
 3001.542446      1.658014
 3004.848222      1.688575
 3008.157751      1.717412
 3011.470350      1.743411
 3014.787383      1.765569
 3018.107827      1.783033
 3021.431682      1.795202
 3024.759631      1.801773
 3028.090650      1.802777
 3031.425762      1.798585
 3034.764627      1.789893
 3038.106903      1.777682
 3041.452590      1.763173
 3044.802370      1.747777
 3048.155903      1.733071
 3051.513188      1.720759
 3054.874226      1.712649
 3058.238333      1.710624
 3061.606534      1.716629
 3064.978487      1.732654
 3068.354192      1.760697
 3071.733309      1.802736
 3075.116519      1.860700
 3078.503481      1.936391
 3081.894196      2.031438
 3085.288322      2.147203
 3088.686200      2.284725
 3092.088171      2.444618
 3095.493554      2.626913
 3098.903030      2.831104
 3102.315917      3.055877
 3105.732557      3.299184
 3109.152949      3.558100
 3112.577434      3.828837
 3116.005672      4.106642
 3119.436979      4.385834
 3122.872722      4.660057
 3126.312216      4.922109
 3129.755463      5.164369
 3133.202803      5.379092
 3136.653214      5.558765
 3140.107717      5.696828
 3143.566314      5.788042
 3147.028664      5.829012
 3150.494424      5.818531
 3153.964278      5.757657
 3157.437885      5.649465
 3160.915585      5.498745
 3164.396695      5.311651
 3167.881559      5.095175
 3171.370856      4.856761
 3174.863565      4.604117
 3178.360368      4.344697
 3181.860581      4.085711
 3185.364888      3.833764
 3188.873289      3.594907
 3192.385441      3.374538
 3195.901687      3.177316
 3199.421004      3.007272
 3202.944754      2.867658
 3206.472598      2.761189
 3210.004195      2.690104
 3213.539202      2.656148
 3217.078645      2.660161
 3220.621839      2.702719
 3224.168786      2.783879
 3227.719826      2.903179
 3231.274618      3.059559
 3234.833504      3.251336
 3238.396142      3.476085
 3241.962874      3.730512
 3245.533699      4.010150
 3249.107935      4.310291
 3252.686265      4.625229
 3256.268688      4.947989
 3259.855204      5.270603
 3263.445132      5.584315
 3267.039494      5.879825
 3270.637609      6.147387
 3274.239816      6.377550
 3277.846118      6.561578
 3281.455830      6.692110
 3285.069977      6.763870
 3288.688218      6.773958
 3292.310210      6.722140
 3295.935955      6.610748
 3299.566135      6.444319
 3303.200067      6.229207
 3306.838433      5.972880
 3310.480552      5.683625
 3314.126082      5.370252
 3317.776387      5.041171
 3321.430445      4.704505
 3325.088597      4.367606
 3328.750841      4.037018
 3332.416497      3.718395
 3336.086929      3.416192
 3339.761112      3.134359
 3343.439390      2.875243
 3347.121419      2.640312
 3350.807883      2.430228
 3354.498441      2.244998
 3358.193092      2.084020
 3361.891836      1.946237
 3365.593991      1.830285
 3369.300923      1.734528
 3373.011947      1.657278
 3376.726724      1.596799
 3380.445594      1.551366
 3384.168558      1.519330
 3387.895956      1.499128
 3391.627448      1.489295
 3395.362692      1.488455
 3399.102029      1.495309
 3402.845801      1.508618
 3406.593667      1.527179
 3410.345625      1.549806
 3414.101336      1.575311
 3417.861482      1.602483
 3421.625721      1.630097
 3425.394395      1.656950
 3429.167162      1.681814
 3432.943340      1.703499
 3436.724635      1.720929
 3440.509682      1.733168
 3444.298823      1.739529
 3448.092057      1.739569
 3451.889725      1.733147
 3455.691487      1.720416
 3459.497684      1.701787
 3463.307974      1.677887
 3467.122016      1.649497
 3470.940493      1.617493
 3474.763404      1.582798
 3478.590409      1.546344
 3482.421507      1.509031
 3486.256699      1.471700
 3490.096325      1.435102
 3493.940385      1.399866
 3497.788539      1.366601
 3501.640446      1.335824
 3505.497128      1.307902
 3509.358244      1.283126
 3513.223113      1.261719
 3517.092758      1.243842
 3520.965814      1.229632
 3524.843986      1.219195
 3528.725911      1.212653
 3532.612611      1.210171
 3536.503064      1.211844
 3540.397951      1.217851
 3544.297273      1.228410
 3548.201029      1.243766
 3552.108879      1.264186
 3556.020822      1.289944
 3559.937200      1.321299
 3563.858012      1.358552
 3567.783259      1.401779
 3571.712599      1.451012
 3575.646033      1.506159
 3579.584242      1.566979
 3583.526886      1.633027
 3587.473623      1.703644
 3591.424454      1.777943
 3595.380060      1.854812
 3599.339760      1.932869
 3603.304235      2.010524
 3607.272804      2.085950
 3611.245466      2.157171
 3615.222563      2.222260
 3619.204436      2.279174
 3623.190742      2.326059
 3627.180802      2.361071
 3631.175637      2.383074
 3635.174906      2.391452
 3639.178610      2.386123
 3643.186749      2.367587
 3647.198980      2.336818
 3651.215988      2.295185
 3655.237089      2.244382
 3659.262966      2.186242
 3663.292936      2.122692
 3667.327681      2.055656
 3671.366862      1.986984
 3675.410477      1.918389
 3679.458185      1.851481
 3683.510327      1.787617
 3687.567246      1.727947
 3691.628940      1.673446
 3695.694727      1.624907
 3699.764608      1.582960
 3703.839606      1.548123
 3707.918697      1.520866
 3712.002564      1.501643
 3716.091206      1.491097
 3720.183601      1.489775
 3724.280771      1.498494
 3728.382717      1.518325
 3732.489098      1.550644
 3736.599913      1.597185
 3740.714821      1.660076
 3744.834847      1.741895
 3748.959306      1.845626
 3753.088542      1.974682
 3757.221530      2.132793
 3761.359634      2.324048
 3765.502514      2.552636
 3769.649829      2.822725
 3773.801578      3.138283
 3777.957421      3.502796
 3782.118380      3.919158
 3786.284116      4.389148
 3790.454285      4.913230
 3794.628548      5.490262
 3798.807928      6.117444
 3802.991742      6.789656
 3807.180332      7.499648
 3811.373698      8.237725
 3815.570816      8.991558
 3819.773392      9.746909
 3823.980402     10.486831
 3828.191847     11.192710
 3832.408409     11.844794
 3836.628723     12.422688
 3840.854495     12.907283
 3845.084701     13.281321
 3849.319683     13.531314
 3853.558759     13.648444
 3857.802951     13.629331
 3862.051919     13.476029
 3866.305322     13.195707
 3870.563841     12.799727
 3874.826453     12.302848
 3879.093842     11.721819
 3883.366347     11.074646
 3887.643286     10.379789
 3891.924661      9.655128
 3896.211152      8.917357
 3900.502418      8.181816
 3904.798460      7.461913
 3909.099278      6.768954
 3913.404190      6.112130
 3917.714218      5.498143
 3922.029021      4.931767
 3926.348942      4.415703
 3930.672615      3.951079
 3935.002087      3.537134
 3939.335993      3.172252
 3943.674675      2.853686
 3948.018133      2.578052
 3952.366025      2.341553
 3956.719034      2.140128
 3961.076818      1.969742
 3965.439720      1.826440
 3969.806715      1.706634
 3974.178826      1.607185
 3978.556055      1.524410
 3982.937718      1.455602
 3987.324497      1.398383
 3991.715711      1.350730
 3996.112042      1.310916
 4000.513490      1.277504
 4004.919372      1.249306
 4009.330371      1.225337
 4013.745805      1.204806
 4018.166355      1.187057
 4022.592023      1.171542
 4027.022465      1.157880
 4031.457343      1.145760
 4035.897337      1.134914
 4040.342448      1.125126
 4044.792334      1.116229
 4049.247338      1.108086
 4053.706775      1.100592
 4058.171330      1.093661
 4062.641001      1.087221
 4067.115448      1.081230
 4071.594330      1.075636
 4076.079011      1.070389
 4080.568126      1.065460
 4085.062358      1.060821
 4089.561706      1.056449
 4094.065490      1.052325
 4098.574390      1.048430
 4103.088747      1.044749
 4107.607540      1.041267
 4112.131790      1.037973
 4116.660134      1.034855
 4121.194277      1.031902
 4125.733195      1.029106
 4130.277230      1.026458
 4134.826041      1.023956
 4139.379968      1.021588
 4143.939013      1.019346
 4148.503174      1.017225
 4153.072111      1.015220
 4157.645823      1.013324
 4162.224993      1.011534
 4166.809281      1.009845
 4171.398343      1.008290
 4175.992182      1.006908
 4180.591478      1.005781
 4185.195891      1.004670
 4189.805421      1.003456
 4194.420067      1.002327
 4199.039149      1.001376
 4203.664029      1.000546
 4208.294026      0.999812
 4212.928798      0.999175
 4217.568347      0.998615
 4222.213694      0.998124
 4226.863817      0.997713
 4231.519397      0.997378
 4236.179754      0.997119
 4240.844886      0.996946
 4245.515817      0.996861
 4250.191865      0.996870
 4254.872689      0.996989
 4259.558629      0.997229
 4264.250027      0.997607
 4268.946542      0.998151
 4273.648174      0.998891
 4278.355263      0.999868
 4283.066788      1.001138
 4287.784111      1.002768
 4292.506551      1.004841
 4297.234449      1.007469
 4301.967122      1.010785
 4306.704912      1.014951
 4311.448161      1.020165
 4316.196867      1.026664
 4320.950689      1.034722
 4325.708947      1.044650
 4330.473344      1.056808
 4335.242859      1.071583
 4340.017490      1.089397
 4344.797578      1.110694
 4349.582443      1.135916
 4354.373107      1.165507
 4359.168887      1.199869
 4363.969784      1.239345
 4368.775798      1.284159
 4373.587611      1.334255
 4378.404541      1.389704
 4383.226928      1.450662
 4388.054433      1.516709
 4392.886713      1.587227
 4397.725133      1.661368
 4402.568670      1.738027
 4407.417664      1.815875
 4412.271776      1.893331
 4417.131004      1.968610
 4421.996032      2.039769
 4426.866176      2.104753
 4431.741778      2.161531
 4436.622497      2.208208
 4441.509014      2.243180
 4446.400649      2.265245
 4451.297741      2.273712
 4456.200633      2.268431
 4461.107959      2.249792
 4466.021425      2.218643
 4470.940008      2.176230
 4475.864390      2.124073
 4480.793547      2.063892
 4485.728504      1.997473
 4490.669260      1.926629
 4495.615132      1.853118
 4500.566462      1.778576
 4505.522909      1.704486
 4510.485155      1.632130
 4515.452859      1.562596
 4520.426021      1.496747
 4525.404299      1.435235
 4530.388377      1.378493
 4535.378254      1.326773
 4540.373247      1.280162
 4545.374039      1.238594
 4550.379607      1.201902
 4555.391316      1.169810
 4560.408823      1.141996
 4565.431447      1.118100
 4570.459187      1.097732
 4575.493068      1.080503
 4580.532407      1.066035
 4585.577204      1.053952
 4590.627799      1.043927
 4595.683512      1.035701
 4600.745023      1.029004
 4605.812334      1.023601
 4610.885102      1.019291
 4615.963328      1.015900
 4621.046671      1.013285
 4626.136154      1.011327
 4631.231436      1.009927
 4636.332176      1.009007
 4641.438033      1.008509
 4646.550030      1.008387
 4651.667485      1.008599
 4656.791080      1.009126
 4661.919791      1.009960
 4667.053961      1.011111
 4672.193930      1.012592
 4677.340038      1.014434
 4682.491605      1.016687
 4687.648288      1.019420
 4692.811112      1.022732
 4697.979734      1.026746
 4703.153815      1.031624
 4708.334035      1.037570
 4713.519031      1.044836
 4718.710509      1.053734
 4723.907444      1.064634
 4729.110520      1.077981
 4734.319053      1.094289
 4739.532703      1.114145
 4744.752834      1.138212
 4749.978424      1.167210
 4755.210153      1.201916
 4760.446999      1.243131
 4765.689986      1.291672
 4770.938771      1.348321
 4776.193355      1.413790
 4781.453738      1.488683
 4786.719580      1.573425
 4791.991561      1.668243
 4797.269341      1.773079
 4802.552921      1.887555
 4807.841958      2.010921
 4813.137135      2.142045
 4818.438453      2.279346
 4823.745228      2.420777
 4829.058144      2.563870
 4834.376176      2.705645
 4839.700689      2.842882
 4845.031002      2.972076
 4850.367114      3.089533
 4855.708683      3.191627
 4861.056734      3.275058
 4866.410583      3.337049
 4871.770573      3.375599
 4877.136021      3.389613
 4882.507268      3.378957
 4887.884654      3.344413
 4893.268181      3.287571
 4898.657507      3.210683
 4904.052291      3.116485
 4909.453556      3.008002
 4914.860620      2.888439
 4920.273825      2.760997
 4925.692828      2.628787
 4931.117289      2.494721
 4936.548573      2.361391
 4941.985655      2.231111
 4947.428537      2.105805
 4952.877558      1.987005
 4958.332038      1.875884
 4963.792999      1.773219
 4969.260100      1.679475
 4974.733000      1.594823
 4980.211698      1.519174
 4985.696879      1.452225
 4991.187858      1.393536
 4996.685318      1.342542
 5002.188578      1.298615
 5007.697295      1.261083
 5013.212494      1.229262
 5018.734173      1.202494
 5024.261652      1.180156
 5029.794589      1.161666
 5035.334348      1.146493
 5040.880247      1.134167
 5046.432287      1.124271
 5051.990125      1.116482
 5057.553762      1.110463
 5063.124222      1.105923
 5068.700481      1.102645
 5074.283221      1.100454
 5079.871760      1.099194
 5085.466098      1.098740
 5091.067258      1.098993
 5096.674559      1.099871
 5102.287999      1.101311
 5107.906898      1.103263
 5113.532619      1.105718
 5119.164480      1.108644
 5124.802822      1.111705
 5130.447304      1.114636
 5136.097245      1.118033
 5141.754007      1.122131
 5147.416910      1.126804
 5153.086294      1.132020
 5158.761136      1.137771
 5164.443141      1.144039
 5170.130946      1.150834
 5175.825231      1.158208
 5181.525998      1.166171
 5187.232223      1.174773
 5192.945270      1.184078
 5198.664798      1.194169
 5204.390467      1.205155
 5210.121934      1.217175
 5215.860224      1.230413
 5221.604995      1.245106
 5227.355906      1.261563
 5233.113299      1.280187
 5238.876149      1.301495
 5244.646163      1.326166
 5250.422658      1.355049
 5256.205294      1.389226
 5261.993728      1.430050
 5267.789325      1.479211
 5273.591063      1.538756
 5279.399282      1.611170
 5285.213983      1.699401
 5291.034482      1.806889
 5296.861804      1.937624
 5302.695948      2.096099
 5308.536232      2.287261
 5314.382315      2.516458
 5320.235562      2.789404
 5326.094949      3.111831
 5331.961158      3.489465
 5337.833507      3.927588
 5343.712679      4.430915
 5349.598332      5.003073
 5355.488760      5.646125
 5361.387376      6.360978
 5367.292131      7.145787
 5373.203709      7.996579
 5379.121768      8.906478
 5385.046309      9.865665
 5390.977330     10.861268
 5396.914833     11.876837
 5402.858817     12.893045
 5408.809283     13.887821
 5414.765206     14.836671
 5420.728975     15.714286
 5426.699225     16.494627
 5432.676298     17.153380
 5438.659852     17.669309
 5444.649887     18.025978
 5450.646403     18.212884
 5456.649742     18.226048
 5462.659562     18.067672
 5468.674840     17.745723
 5474.697963     17.274382
 5480.727568     16.671096
 5486.763995     15.955873
 5492.806903     15.150371
 5498.856634     14.276732
 5504.913187     13.356843
 5510.976222     12.411614
 5517.045737     11.460280
 5523.120711     10.520144
 5529.203871      9.605546
 5535.293854      8.728890
 5541.390318      7.899789
 5547.493263      7.125238
 5553.603372      6.409751
 5559.719961      5.755824
 5565.843374      5.163938
 5571.973608      4.633028
 5578.108960      4.160881
 5584.252839      3.743956
 5590.403200      3.378457
 5596.560383      3.060008
 5602.724388      2.784073
 5608.894875      2.546124
 5615.072525      2.341738
 5621.256997      2.166769
 5627.447951      2.017377
 5633.644704      1.890072
 5639.849643      1.781674
 5646.061064      1.689449
 5652.279648      1.610964
 5658.505055      1.544127
 5664.737284      1.487134
 5670.976335      1.438443
 5677.222209      1.396749
 5683.474905      1.360944
 5689.733400      1.330241
 5696.000082      1.303709
 5702.273245      1.280658
 5708.553913      1.260546
 5714.841062      1.242926
 5721.135374      1.227421
 5727.436850      1.213718
 5733.744807      1.201555
 5740.059587      1.190711
 5746.381871      1.181003
 5752.709613      1.172284
 5759.045542      1.164421
 5765.388293      1.157313
 5771.737867      1.150872
 5778.094945      1.145025
 5784.458846      1.139712
 5790.829569      1.134883
 5797.207796      1.130510
 5803.592846      1.126555
 5809.983354      1.122977
 5816.382049      1.119752
 5822.788248      1.116860
 5829.201270      1.114285
 5835.621796      1.112012
 5842.049144      1.110032
 5848.483315      1.108334
 5854.924991      1.106910
 5861.373489      1.105755
 5867.827444      1.104864
 5874.290269      1.104233
 5880.759917      1.103865
 5887.237068      1.103759
 5893.721043      1.103916
 5900.212521      1.104336
 5906.710823      1.105020
 5913.216628      1.105956
 5919.729256      1.107135
 5926.247342      1.108563
 5932.774980      1.110278
 5939.308757      1.112311
 5945.850721      1.114670
 5952.398826      1.117363
 5958.955117      1.120407
 5965.518231      1.123813
 5972.088167      1.127602
 5978.666289      1.131801
 5985.249188      1.136440
 5991.841638      1.141562
 5998.440910      1.147215
 6005.047004      1.153461
 6011.661286      1.160384
 6018.282389      1.168086
 6024.910998      1.176707
 6031.546428      1.186463
 6038.189363      1.197556
 6044.838439      1.210287
 6051.496383      1.225054
 6058.161150      1.242358
 6064.833422      1.262842
 6071.513198      1.287318
 6078.200478      1.316803
 6084.894581      1.352542
 6091.596871      1.396065
 6098.305983      1.449195
 6105.021235      1.514090
 6111.744675      1.593289
 6118.476301      1.689687
 6125.215431      1.806518
 6131.961384      1.947337
 6138.714842      2.115980
 6145.475804      2.316451
 6152.244271      2.552801
 6159.020924      2.829006
 6165.802353      3.148550
 6172.593334      3.514782
 6179.391819      3.929976
 6186.197809      4.395481
 6193.011303      4.911368
 6199.832302      5.476181
 6206.660123      6.086645
 6213.496131      6.737721
 6220.339644      7.422080
 6227.190662      8.130254
 6234.047819      8.850412
 6240.913846      9.569030
 6247.787377     10.270263
 6254.669095     10.937031
 6261.557635     11.551295
 6268.453680     12.095381
 6275.357912     12.552858
 6282.269648     12.909606
 6289.188889     13.154975
 6296.114270     13.282418
 6303.048520     13.289843
 6309.990275     13.179380
 6316.940217     12.957030
 6323.897663     12.632067
 6330.862614     12.216258
 6337.835751     11.723068
 6344.815711     11.167151
 6351.803858     10.563349
 6358.798145      9.926610
 6365.801983      9.270724
 6372.812644      8.608986
 6379.831492      7.952950
 6386.858526      7.312722
 6393.893065      6.696775
 6400.935108      6.111774
 6407.984656      5.562679
 6415.042391      5.052796
 6422.106266      4.584160
 6429.179693      4.157163
 6436.260624      3.771487
 6443.349742      3.425769
 6450.445682      3.118081
 6457.550491      2.845869
 6464.662805      2.606424
 6471.782623      2.396819
 6478.910629      2.214034
 6486.044774      2.055207
 6493.188471      1.917503
 6500.340354      1.798433
 6507.499743      1.695652
 6514.666635      1.607202
 6521.841715      1.531117
 6529.024981      1.465437
 6536.215752      1.408702
 6543.414710      1.359632
 6550.619808      1.317139
 6557.834458      1.280259
 6565.057294      1.248190
 6572.288317      1.220238
 6579.526844      1.195814
 6586.773559      1.174410
 6594.027778      1.155593
 6601.290184      1.138993
 6608.560776      1.124295
 6615.839556      1.111230
 6623.124475      1.099571
 6630.418946      1.089115
 6637.721604      1.079697
 6645.032449      1.071173
 6652.351480      1.063423
 6659.678016      1.056365
 6667.012739      1.049889
 6674.355649      1.043911
 6681.706746      1.038370
 6689.064665      1.033213
 6696.431453      1.028393
 6703.807110      1.023874
 6711.190271      1.019624
 6718.582302      1.015615
 6725.981837      1.011824
 6733.389560      1.008232
 6740.805469      1.004821
 6748.230247      1.001578
 6755.660483      0.998489
 6763.101635      0.995548
 6770.550291      0.992743
 6778.007134      0.990062
 6785.472164      0.987497
 6792.945381      0.985041
 6800.427467      0.982687
 6807.917058      0.980429
 6815.415517      0.978263
 6822.920117      0.976184
 6830.434950      0.974187
 6837.957970      0.972267
 6845.489177      0.970421
 6853.028571      0.968650
 6860.576152      0.966946
 6868.132601      0.965305
 6875.696556      0.963725
 6883.269379      0.962202
 6890.849025      0.960734
 6898.438904      0.959319
 6906.036288      0.957956
 6913.642541      0.956641
 6921.256981      0.955373
 6928.880290      0.954152
 6936.511786      0.952975
 6944.151468      0.951840
 6951.799337      0.950745
 6959.454711      0.949689
 6967.119637      0.948671
 6974.792749      0.947689
 6982.474730      0.946744
 6990.165580      0.945833
 6997.863935      0.944958
 7005.571841      0.944117
 7013.287252      0.943307
 7021.011532      0.942530
 7028.742634      0.941783
 7036.483970      0.941067
 7044.234175      0.940381
 7051.992567      0.939726
 7059.759145      0.939100
 7067.535275      0.938505
 7075.318909      0.937941
 7083.111413      0.937405
 7090.912785      0.936899
 7098.720980      0.936422
 7106.539409      0.935975
 7114.366706      0.935557
 7122.202191      0.935171
 7130.046544      0.934815
 7137.899084      0.934491
 7145.761176      0.934197
 7153.631454      0.933936
 7161.509920      0.933708
 7169.397936      0.933513
 7177.292093      0.933354
 7185.197165      0.933233
 7193.111107      0.933149
 7201.033235      0.933104
 7208.964233      0.933099
 7216.904099      0.933135
 7224.852835      0.933215
 7232.809757      0.933358
 7240.776231      0.933393
 7248.749527      0.933128
 7256.733057      0.932670
 7264.725456      0.932269
 7272.726724      0.932146
 7280.736860      0.932249
 7288.755866      0.932528
 7296.783059      0.932970
 7304.819803      0.933556
 7312.865416      0.934269
 7320.917852      0.935107
 7328.981203      0.936074
 7337.052741      0.937167
 7345.133831      0.938394
 7353.223789      0.939766
 7361.322617      0.941299
 7369.430314      0.943016
 7377.546879      0.944947
 7385.672314      0.947132
 7393.805254      0.949622
 7401.948427      0.952487
 7410.100469      0.955816
 7418.262062      0.959722
 7426.432524      0.964352
 7434.611856      0.969890
 7442.800057      0.976566
 7450.997808      0.984668
 7459.203747      0.994547
 7467.417873      1.006625
 7475.642232      1.021408
 7483.875460      1.039488
 7492.118239      1.061546
 7500.369888      1.088354
 7508.631088      1.120773
 7516.900475      1.159728
 7525.180095      1.206216
 7533.467902      1.261242
 7541.763213      1.325806
 7550.069441      1.400896
 7558.385220      1.487364
 7566.709868      1.585904
 7575.044067      1.697005
 7583.387135      1.820854
 7591.739072      1.957301
 7600.100561      2.105796
 7608.470918      2.265306
 7616.850827      2.434319
 7625.238241      2.610726
 7633.636570      2.791983
 7642.044451      2.974897
 7650.461201      3.155785
 7658.886820      3.330559
 7667.322672      3.494882
 7675.767393      3.644288
 7684.220984      3.774527
 7692.684126      3.881820
 7701.155454      3.963087
 7709.637017      4.016201
 7718.128130      4.040037
 7726.628795      4.034519
 7735.139011      4.000544
 7743.658096      3.939862
 7752.187415      3.854893
 7760.724920      3.748608
 7769.272660      3.624281
 7777.827903      3.485448
 7786.394063      3.335594
 7794.969774      3.178210
 7803.555036      3.016586
 7812.149849      2.853746
 7820.754214      2.692384
 7829.368130      2.534821
 7837.990915      2.382992
 7846.623934      2.238396
 7855.263775      2.102220
 7863.915896      1.975149
 7872.576886      1.857675
 7881.247428      1.749943
 7889.927521      1.651869
 7898.617848      1.563166
 7907.317043      1.483423
 7916.025790      1.412097
 7924.744770      1.348582
 7933.471256      1.292255
 7942.208656      1.242441
 7950.956291      1.198504
 7959.713476      1.159829
 7968.480213      1.125832
 7977.256502      1.095972
 7986.042341      1.069754
 7994.838414      1.046728
 8003.643357      1.026498
 8012.456486      1.008709
 8021.281213      0.993039
 8030.116173      0.979218
 8038.960003      0.967044
 8047.814066      0.956285
 8056.677681      0.946736
 8065.551529      0.938243
 8074.434928      0.930673
 8083.327879      0.923913
 8092.229017      0.917862
 8101.141070      0.912433
 8110.064039      0.907550
 8118.995877      0.903148
 8127.937949      0.899168
 8136.890254      0.895560
 8145.852111      0.892277
 8154.823519      0.889282
 8163.805160      0.886537
 8172.794988      0.884014
 8181.796415      0.881683
 8190.807392      0.879524
 8199.828603      0.877519
 8208.860048      0.875643
 8217.901044      0.873879
 8226.952274      0.872215
 8236.013054      0.870639
 8245.084069      0.869139
 8254.165317      0.867708
 8263.254069      0.866338
 8272.355102      0.865023
 8281.466368      0.863757
 8290.587186      0.862535
 8299.718920      0.861354
 8308.859522      0.860210
 8318.011040      0.859102
 8327.172110      0.858026
 8336.344095      0.856979
 8345.523585      0.855959
 8354.714673      0.854965
 8363.916677      0.853760
 8373.128914      0.852317
 8382.350703      0.850774
 8391.582725      0.849331
 8400.824981      0.848032
 8410.077470      0.846843
 8419.340193      0.845752
 8428.611103      0.844738
 8437.894292      0.843783
 8447.187716      0.842881
 8456.491373      0.842021
 8465.805263      0.841195
 8475.129387      0.840401
 8484.463745      0.839632
 8493.808336      0.838884
 8503.163161      0.838157
 8512.526855      0.837448
 8521.902147      0.836753
 8531.288354      0.836072
 8540.684113      0.835403
 8550.090788      0.834746
 8559.507696      0.834100
 8568.935520      0.833463
 8578.372895      0.832836
 8587.821186      0.832217
 8597.277664      0.831607
 8606.746422      0.831005
 8616.225414      0.830410
 8625.715322      0.829823
 8635.215463      0.829243
 8644.726519      0.828670
 8654.247810      0.828103
 8663.779334      0.827543
 8673.321091      0.826989
 8682.871718      0.826441
 8692.435307      0.825898
 8702.009129      0.825361
 8711.593186      0.824830
 8721.188157      0.824304
 8730.793363      0.823784
 8740.409484      0.823269
 8750.035839      0.822759
 8759.673109      0.822254
 8769.320614      0.821754
 8778.976987      0.821259
 8788.646322      0.820768
 8798.325892      0.820283
 8808.016377      0.819802
 8817.717095      0.819326
 8827.428729      0.818855
 8837.151280      0.818388
 8846.884063      0.817926
 8856.628445      0.817468
 8866.380331      0.817015
 8876.145862      0.816566
 8885.921627      0.816122
 8895.708989      0.815682
 8905.506585      0.815246
 8915.314415      0.814815
 8925.133843      0.814388
 8934.964186      0.813966
 8944.804763      0.813548
 8954.654209      0.813134
 8964.516618      0.812725
 8974.389942      0.812320
 8984.274182      0.811920
 8994.169338      0.811523
 9004.075410      0.811132
 9013.992397      0.810744
 9023.920300      0.810361
 9033.859119      0.809983
 9043.806807      0.809609
 9053.767458      0.809240
 9063.739024      0.808875
 9073.722189      0.808514
 9083.715587      0.808158
 9093.719900      0.807807
 9103.735812      0.807461
 9113.762640      0.807119
 9123.800383      0.806782
 9133.846995      0.806449
 9143.906570      0.806121
 9153.977743      0.805799
 9164.059832      0.805481
 9174.152836      0.805168
 9184.257439      0.804860
 9194.372957      0.804557
 9204.499391      0.804259
 9214.636741      0.803967
 9224.783642      0.803679
 9234.943505      0.803397
 9245.114967      0.803121
 9255.297344      0.802849
 9265.490637      0.802584
 9275.695529      0.802323
 9285.912018      0.802068
 9296.139423      0.801819
 9306.377744      0.801576
 9316.625616      0.801339
 9326.886450      0.801108
 9337.159565      0.800883
 9347.442913      0.800664
 9357.738542      0.800451
 9368.044404      0.800244
 9378.362547      0.800044
 9388.691605      0.799851
 9399.032261      0.799664
 9409.381786      0.799484
 9419.744956      0.799310
 9430.119724      0.799144
 9440.506090      0.798985
 9450.904055      0.798833
 9461.312934      0.798688
 9471.733412      0.798551
 9482.165488      0.798422
 9492.609162      0.798300
 9503.063752      0.798186
 9513.528575      0.798080
 9524.006361      0.797982
 9534.495745      0.797893
 9544.997409      0.797813
 9555.509988      0.797741
 9566.034166      0.797678
 9576.569942      0.797624
 9587.117316      0.797579
 9597.676288      0.797544
 9608.244811      0.797518
 9618.827661      0.797502
 9629.421427      0.797497
 9640.026791      0.797502
 9650.644435      0.797518
 9661.273677      0.797544
 9671.914517      0.797581
 9682.566956      0.797630
 9693.230992      0.797690
 9703.904579      0.797762
 9714.592494      0.797846
 9725.292006      0.797944
 9736.003117      0.798054
 9746.726508      0.798177
 9757.461497      0.798314
 9768.208083      0.798465
 9778.966268      0.798630
 9789.736733      0.798810
 9800.516750      0.799004
 9811.311093      0.799214
 9822.117035      0.799441
 9832.935256      0.799685
 9843.765076      0.799945
 9854.606494      0.800224
 9865.460192      0.800520
 9876.326170      0.800835
 9887.203746      0.801170
 9898.090874      0.801524
 9908.992328      0.801899
 9919.906063      0.802295
 9930.831396      0.802713
 9941.769691      0.803155
 9952.718902      0.803621
 9963.681075      0.804112
 9974.654847      0.804629
 9985.640899      0.805173
 9996.636502      0.805744
 10007.646432      0.806343
 10018.668642      0.806973
 10029.703133      0.807634
 10040.749904      0.808327
 10051.808273      0.809054
 10062.879604      0.809817
 10073.962533      0.810616
 10085.057743      0.811455
 10096.165233      0.812336
 10107.282274      0.813259
 10118.414324      0.814227
 10129.558655      0.815242
 10140.715266      0.816306
 10151.884157      0.817422
 10163.065328      0.818592
 10174.258780      0.819819
 10185.464512      0.821106
 10196.682524      0.822456
 10207.910770      0.823874
 10219.153342      0.825362
 10230.408878      0.826926
 10241.676693      0.828532
 10252.956106      0.830144
 10264.249165      0.831822
 10275.553821      0.833604
 10286.870757      0.835516
 10298.200656      0.837560
 10309.540789      0.839737
 10320.895248      0.842056
 10332.262670      0.844520
 10343.642372      0.847139
 10355.035037      0.849925
 10366.439982      0.852889
 10377.857207      0.856047
 10389.287395      0.859420
 10400.729862      0.863031
 10412.182564      0.866910
 10423.650275      0.871100
 10435.130948      0.875647
 10446.623901      0.880617
 10458.129817      0.886093
 10469.648013      0.892182
 10481.179172      0.899023
 10492.723293      0.906795
 10504.279694      0.915725
 10515.846329      0.926103
 10527.427973      0.938297
 10539.023262      0.952795
 10550.630831      0.970209
 10562.250681      0.991188
 10573.884175      1.016569
 10585.529949      1.047336
 10597.188686      1.084639
 10608.860385      1.129792
 10620.542318      1.184256
 10632.239260      1.249675
 10643.949847      1.327790
 10655.672714      1.420421
 10667.408544      1.529431
 10679.157336      1.656640
 10690.919090      1.803748
 10702.694489      1.972251
 10714.482169      2.163291
 10726.280082      2.377559
 10738.093686      2.615335
 10749.920936      2.876119
 10761.760465      3.158650
 10773.613639      3.460876
 10785.479094      3.779758
 10797.358193      4.111355
 10809.250255      4.450683
 10821.155279      4.791827
 10833.071219      5.127967
 10845.002168      5.451803
 10856.946762      5.755523
 10868.904318      6.031369
 10880.875519      6.272112
 10892.859683      6.471440
 10904.856809      6.624397
 10916.866897      6.727636
 10928.890631      6.779531
 10940.928009      6.780140
 10952.975620      6.731098
 10965.038923      6.635350
 10977.115189      6.496960
 10989.205781      6.320795
 11001.308654      6.112340
 11013.425853      5.877343
 11025.555333      5.621724
 11037.699140      5.351225
 11049.855910      5.071388
 11062.022912      4.787379
 11074.206971      4.503627
 11086.403993      4.224224
 11098.613976      3.952539
 11110.837605      3.691286
 11123.075560      3.442557
 11135.325796      3.207913
 11147.590359      2.988298
 11159.867884      2.784251
 11172.157007      2.595908
 11184.461822      2.423305
 11196.780281      2.265783
 11209.111703      2.122549
 11221.457452      1.992775
 11233.816846      1.875574
 11246.189202      1.770012
 11258.575885      1.675131
 11270.975530      1.590010
 11283.386774      1.513758
 11295.814391      1.445498
 11308.254971      1.384455
 11320.709877      1.329887
 11333.178429      1.281123
 11345.660625      1.237550
 11358.156465      1.198611
 11370.665951      1.163806
 11383.189764      1.132681
 11395.724492      1.104843
 11408.275594      1.079919
 11420.840340      1.057595
 11433.418732      1.037586
 11446.011450      1.019640
 11458.617813      1.003532
 11471.237821      0.989106
 11483.872838      0.976171
 11496.520136      0.964539
 11509.179713      0.954077
 11521.855664      0.944666
 11534.546625      0.936204
 11547.249865      0.928602
 11559.968115      0.921780
 11572.700010      0.915667
 11585.445549      0.910199
 11598.206098      0.905316
 11610.980291      0.900967
 11623.768129      0.897103
 11636.568247      0.893677
 11649.384739      0.890648
 11662.214876      0.887981
 11675.058657      0.885650
 11687.917448      0.883603
 11700.791247      0.881811
 11713.677327      0.880247
 11726.578417      0.878885
 11739.494515      0.877702
 11752.421529      0.876679
 11765.364917      0.875797
 11778.323314      0.875040
 11791.295356      0.874394
 11804.282407      0.873847
 11817.284467      0.873388
 11830.298808      0.873014
 11843.329522      0.872709
 11856.372516      0.872468
 11869.429155      0.872285
 11882.500804      0.872154
 11895.588825      0.872073
 11908.690492      0.872037
 11921.805804      0.872042
 11934.936124      0.872087
 11948.081454      0.872168
 11961.241793      0.872286
 11974.414412      0.872436
 11987.600676      0.872618
 12000.803314      0.872828
 12014.020961      0.873065
 12027.253617      0.873328
 12040.499918      0.873616
 12053.761228      0.873927
 12067.036182      0.874260
 12080.327511      0.874615
 12093.632484      0.874990
 12106.949737      0.875385
 12120.283364      0.875797
 12133.633365      0.876227
 12146.997011      0.876673
 12160.375665      0.877133
 12173.767965      0.877609
 12187.176638      0.878098
 12200.598955      0.878601
 12214.036282      0.879117
 12227.485890      0.879644
 12240.953235      0.880182
 12254.435590      0.880730
 12267.931589      0.881288
 12281.443962      0.881855
 12294.969980      0.882431
 12308.512371      0.883015
 12322.068407      0.883607
 12335.639452      0.884205
 12349.222778      0.884810
 12362.823842      0.885421
 12376.439915      0.886036
 12390.070997      0.886657
 12403.718452      0.887283
 12417.379553      0.887912
 12431.055663      0.888546
 12444.746781      0.889182
 12458.452910      0.889820
 12472.171318      0.890460
 12485.908829      0.891103
 12499.659985      0.891747
 12513.427514      0.892392
 12527.208688      0.893037
 12541.006236      0.893682
 12554.818793      0.894326
 12568.646359      0.894970
 12582.490299      0.895613
 12596.347883      0.896254
 12610.217748      0.896894
 12624.106716      0.897530
 12638.010692      0.898164
 12651.929678      0.898795
 12665.865038      0.899422
 12679.815406      0.900046
 12693.780784      0.900665
 12707.761171      0.901279
 12721.756568      0.901888
 12735.765609      0.902491
 12749.792388      0.903088
 12763.835541      0.903680
 12777.892338      0.904264
 12791.966874      0.904841
 12806.055054      0.905411
 12820.159608      0.905972
 12834.279172      0.906526
 12848.415109      0.907071
 12862.563326      0.907606
 12876.729281      0.908132
 12890.911610      0.908648
 12905.110313      0.909154
 12919.322661      0.909649
 12933.552746      0.910132
 12947.796477      0.910604
 12962.057945      0.911064
 12976.334423      0.911512
 12990.623181      0.911946
 13004.931041      0.912367
 13019.253911      0.912775
 13033.593154      0.913168
 13047.947407      0.913547
 13062.319398      0.913910
 13076.705033      0.914258
 13091.108407      0.914590
 13105.526790      0.914906
 13119.957453      0.915204
 13134.407219      0.915486
 13148.873358      0.915749
 13163.355871      0.915994
 13177.853393      0.916220
 13192.367289      0.916427
 13206.897559      0.916614
 13221.442838      0.916781
 13236.004490      0.916928
 13250.579787      0.917052
 13265.174187      0.917156
 13279.783596      0.917236
 13294.409379      0.917294
 13309.051535      0.917329
 13323.710065      0.917340
 13338.384969      0.917327
 13353.076246      0.917288
 13367.782533      0.917224
 13382.505193      0.917134
 13397.241498      0.917018
 13411.996906      0.916874
 13426.768687      0.916703
 13441.556842      0.916503
 13456.361370      0.916275
 13471.182273      0.916017
 13486.019549      0.915729
 13500.871834      0.915411
 13515.741857      0.915061
 13530.624161      0.914679
 13545.526931      0.914265
 13560.446076      0.913818
 13575.381593      0.913337
 13590.333485      0.912822
 13605.301750      0.912272
 13620.286389      0.911686
 13635.287402      0.911064
 13650.304788      0.910405
 13665.335820      0.909709
 13680.385953      0.908974
 13695.453825      0.908200
 13710.538071      0.907386
 13725.638690      0.906532
 13740.755683      0.905637
 13755.889049      0.904700
 13771.040154      0.903720
 13786.207632      0.902697
 13801.387391      0.901631
 13816.588981      0.900519
 13831.805580      0.899362
 13847.039918      0.898158
 13862.290629      0.896908
 13877.559078      0.895610
 13892.842537      0.894263
 13908.145098      0.892866
 13923.462668      0.891420
 13938.793883      0.889923
 13954.146930      0.888373
 13969.514986      0.886771
 13984.900780      0.885115
 14000.304312      0.883405
