======================
Li-Ni distances in TM1
======================
Total # = 252
======================
--------------------
Statistics
--------------------
|Mean   |  2.936792|
|Std dev|  0.000006|
|Median |  2.936788|
|Min    |  2.936779|
|Max    |  2.936797|
======================
  2.936788
  2.936779
  2.936788
  2.936788
  2.936797
  2.936788
  2.936779
  2.936788
  2.936788
  2.936788
  2.936779
  2.936788
  2.936779
  2.936779
  2.936779
  2.936797
  2.936797
  2.936797
  2.936788
  2.936788
  2.936797
  2.936788
  2.936788
  2.936797
  2.936788
  2.936788
  2.936779
  2.936797
  2.936797
  2.936797
  2.936779
  2.936788
  2.936788
  2.936797
  2.936797
  2.936797
  2.936788
  2.936788
  2.936779
  2.936797
  2.936797
  2.936797
  2.936788
  2.936797
  2.936788
  2.936788
  2.936788
  2.936797
  2.936788
  2.936779
  2.936788
  2.936788
  2.936788
  2.936797
  2.936797
  2.936797
  2.936797
  2.936797
  2.936797
  2.936797
  2.936788
  2.936797
  2.936788
  2.936797
  2.936788
  2.936788
  2.936779
  2.936788
  2.936788
  2.936797
  2.936797
  2.936797
  2.936797
  2.936788
  2.936788
  2.936788
  2.936788
  2.936797
  2.936788
  2.936779
  2.936788
  2.936797
  2.936797
  2.936797
  2.936797
  2.936797
  2.936797
  2.936797
  2.936788
  2.936788
  2.936797
  2.936788
  2.936788
  2.936788
  2.936788
  2.936797
  2.936788
  2.936779
  2.936788
  2.936788
  2.936788
  2.936797
  2.936797
  2.936797
  2.936797
  2.936797
  2.936797
  2.936797
  2.936797
  2.936797
  2.936797
  2.936797
  2.936797
  2.936797
  2.936797
  2.936797
  2.936797
  2.936797
  2.936797
  2.936797
  2.936797
  2.936797
  2.936797
  2.936788
  2.936797
  2.936788
  2.936797
  2.936797
  2.936797
  2.936779
  2.936788
  2.936788
  2.936788
  2.936788
  2.936797
  2.936788
  2.936797
  2.936788
  2.936797
  2.936797
  2.936797
  2.936788
  2.936788
  2.936797
  2.936788
  2.936788
  2.936797
  2.936788
  2.936788
  2.936779
  2.936788
  2.936797
  2.936788
  2.936797
  2.936797
  2.936797
  2.936788
  2.936779
  2.936788
  2.936797
  2.936788
  2.936788
  2.936788
  2.936797
  2.936788
  2.936788
  2.936797
  2.936788
  2.936797
  2.936797
  2.936797
  2.936788
  2.936779
  2.936788
  2.936788
  2.936788
  2.936779
  2.936788
  2.936797
  2.936788
  2.936788
  2.936788
  2.936797
  2.936797
  2.936797
  2.936797
  2.936797
  2.936797
  2.936797
  2.936788
  2.936779
  2.936788
  2.936797
  2.936797
  2.936797
  2.936788
  2.936797
  2.936788
  2.936797
  2.936788
  2.936788
  2.936797
  2.936797
  2.936797
  2.936788
  2.936797
  2.936788
  2.936788
  2.936788
  2.936779
  2.936779
  2.936788
  2.936788
  2.936788
  2.936797
  2.936788
  2.936797
  2.936797
  2.936797
  2.936797
  2.936797
  2.936797
  2.936788
  2.936797
  2.936788
  2.936788
  2.936797
  2.936788
  2.936779
  2.936779
  2.936779
  2.936797
  2.936797
  2.936797
  2.936779
  2.936788
  2.936788
  2.936797
  2.936788
  2.936788
  2.936788
  2.936788
  2.936779
  2.936797
  2.936788
  2.936788
  2.936797
  2.936788
  2.936788
  2.936797
  2.936797
  2.936797
======================
Li-Ni distances in TM2
======================
Total # = 224
======================
--------------------
Statistics
--------------------
|Mean   |  2.936791|
|Std dev|  0.000006|
|Median |  2.936788|
|Min    |  2.936779|
|Max    |  2.936797|
======================
  2.936797
  2.936797
  2.936797
  2.936797
  2.936797
  2.936788
  2.936788
  2.936797
  2.936797
  2.936788
  2.936788
  2.936797
  2.936797
  2.936797
  2.936797
  2.936797
  2.936788
  2.936797
  2.936797
  2.936788
  2.936788
  2.936779
  2.936779
  2.936788
  2.936797
  2.936797
  2.936797
  2.936797
  2.936788
  2.936788
  2.936788
  2.936788
  2.936788
  2.936797
  2.936797
  2.936788
  2.936797
  2.936788
  2.936788
  2.936797
  2.936797
  2.936797
  2.936797
  2.936797
  2.936797
  2.936788
  2.936788
  2.936797
  2.936797
  2.936797
  2.936797
  2.936797
  2.936788
  2.936797
  2.936797
  2.936788
  2.936797
  2.936788
  2.936788
  2.936797
  2.936788
  2.936788
  2.936788
  2.936788
  2.936788
  2.936788
  2.936788
  2.936788
  2.936788
  2.936788
  2.936788
  2.936788
  2.936788
  2.936788
  2.936788
  2.936788
  2.936797
  2.936788
  2.936788
  2.936797
  2.936779
  2.936788
  2.936788
  2.936779
  2.936788
  2.936797
  2.936797
  2.936788
  2.936797
  2.936788
  2.936788
  2.936797
  2.936788
  2.936779
  2.936779
  2.936788
  2.936779
  2.936779
  2.936779
  2.936779
  2.936788
  2.936788
  2.936788
  2.936788
  2.936788
  2.936788
  2.936788
  2.936788
  2.936797
  2.936797
  2.936797
  2.936797
  2.936797
  2.936788
  2.936788
  2.936797
  2.936779
  2.936788
  2.936788
  2.936779
  2.936797
  2.936797
  2.936797
  2.936797
  2.936788
  2.936788
  2.936788
  2.936788
  2.936788
  2.936797
  2.936797
  2.936788
  2.936797
  2.936797
  2.936797
  2.936797
  2.936797
  2.936797
  2.936797
  2.936797
  2.936797
  2.936788
  2.936788
  2.936797
  2.936797
  2.936797
  2.936797
  2.936797
  2.936797
  2.936797
  2.936797
  2.936797
  2.936797
  2.936797
  2.936797
  2.936797
  2.936797
  2.936797
  2.936797
  2.936797
  2.936788
  2.936797
  2.936797
  2.936788
  2.936788
  2.936797
  2.936797
  2.936788
  2.936797
  2.936797
  2.936797
  2.936797
  2.936788
  2.936779
  2.936779
  2.936788
  2.936788
  2.936779
  2.936779
  2.936788
  2.936797
  2.936797
  2.936797
  2.936797
  2.936788
  2.936788
  2.936788
  2.936788
  2.936797
  2.936788
  2.936788
  2.936797
  2.936788
  2.936788
  2.936788
  2.936788
  2.936797
  2.936797
  2.936797
  2.936797
  2.936788
  2.936788
  2.936788
  2.936788
  2.936788
  2.936779
  2.936779
  2.936788
  2.936788
  2.936788
  2.936788
  2.936788
  2.936779
  2.936779
  2.936779
  2.936779
  2.936788
  2.936788
  2.936788
  2.936788
  2.936788
  2.936788
  2.936788
  2.936788
======================
Li-Ni distances in TM3
======================
Total # = 48
======================
--------------------
Statistics
--------------------
|Mean   |  2.936793|
|Std dev|  0.000006|
|Median |  2.936797|
|Min    |  2.936779|
|Max    |  2.936797|
======================
  2.936788
  2.936788
  2.936797
  2.936797
  2.936797
  2.936797
  2.936797
  2.936788
  2.936788
  2.936797
  2.936797
  2.936797
  2.936779
  2.936779
  2.936779
  2.936788
  2.936788
  2.936779
  2.936797
  2.936797
  2.936797
  2.936788
  2.936788
  2.936797
  2.936797
  2.936797
  2.936797
  2.936797
  2.936797
  2.936797
  2.936788
  2.936797
  2.936788
  2.936797
  2.936797
  2.936797
  2.936788
  2.936788
  2.936797
  2.936797
  2.936797
  2.936797
  2.936797
  2.936797
  2.936797
  2.936797
  2.936797
  2.936797
======================
