X	Y_Calc	Y_Init	Diff_Y_Calc_Init
      33.528000      57.713530      57.713343       0.000187
      33.582000      55.669168      55.669360      -0.000192
      33.656000      53.669595      53.669706      -0.000111
      33.720000      52.575368      52.575453      -0.000085
      33.778000      52.036477      52.036336       0.000141
      33.832000      51.905872      51.905747       0.000125
      33.906000      52.314527      52.314460       0.000067
      33.970000      53.265637      53.265793      -0.000156
      34.028000      54.676210      54.676386      -0.000176
      34.082000      56.546381      56.546410      -0.000029
      34.156000      60.177253      60.177377      -0.000124
      34.220000      64.582186      64.582188      -0.000002
      34.278000      69.851707      69.851846      -0.000139
      34.332000      76.111093      76.111048       0.000045
      34.406000      87.285127      87.285131      -0.000004
      34.470000      99.905702      99.905719      -0.000017
      34.528000     114.122328     114.122304       0.000024
      34.582000     130.052071     130.052030       0.000041
      34.641000     150.680395     150.680403      -0.000008
      34.707000     177.931052     177.931222      -0.000170
      34.769000     207.531533     207.531397       0.000136
      34.830000     240.075617     240.075810      -0.000193
      34.891000     275.271985     275.271903       0.000082
      34.957000     314.866477     314.866403       0.000074
      35.018000     350.813324     350.813234       0.000090
      35.081000     384.480718     384.480814      -0.000096
      35.140000     410.104310     410.104376      -0.000066
      35.205000     428.023696     428.023694       0.000002
      35.265000     432.856996     432.856889       0.000107
      35.330000     424.537586     424.537483       0.000103
      35.391000     405.054740     405.054790      -0.000050
      35.453000     376.306352     376.306321       0.000031
      35.515000     341.881861     341.881646       0.000215
      35.576000     305.590095     305.590179      -0.000084
      35.639000     268.218239     268.218220       0.000019
      35.703000     232.300002     232.299986       0.000016
      35.767000     199.683784     199.683737       0.000047
      35.839000     167.771704     167.771475       0.000229
      35.903000     146.603564     146.603511       0.000053
      35.967000     126.955843     126.955660       0.000183
      36.032000     110.912203     110.912028       0.000175
      36.089000      99.714053      99.713847       0.000206
      36.153000      89.906943      89.907033      -0.000090
      36.217000      82.552162      82.552121       0.000041
      36.282000      77.139095      77.139260      -0.000165
      36.339000      73.764046      73.764129      -0.000083
      36.403000      71.208617      71.208690      -0.000073
      36.467000      69.709839      69.709958      -0.000119
      36.532000      69.075306      69.075271       0.000035
      36.589000      69.140390      69.140510      -0.000120
      36.653000      69.825849      69.825810       0.000039
      36.717000      71.112049      71.111996       0.000053
      36.782000      73.013793      73.013875      -0.000082
      36.839000      75.184562      75.184429       0.000133
      36.903000      78.212571      78.212281       0.000290
      36.967000      81.932294      81.932211       0.000083
      37.032000      86.516976      86.516768       0.000208
      37.089000      91.328728      91.328683       0.000045
      37.153000      97.793651      97.793729      -0.000078
      37.217000     105.670472     105.670522      -0.000050
      37.288000     116.534690     116.534634       0.000056
      37.343000     126.936997     126.936935       0.000062
      37.404000     141.127382     141.127376       0.000006
      37.467000     160.288054     160.288013       0.000041
      37.534000     185.285912     185.285907       0.000005
      37.596000     214.829579     214.829336       0.000243
      37.656000     250.796953     250.796816       0.000137
      37.717000     296.749259     296.749258       0.000001
      37.781000     358.462617     358.462641      -0.000024
      37.842000     436.823328     436.823707      -0.000379
      37.906000     556.178474     556.178352       0.000122
      37.967000     737.687564     737.687619      -0.000055
      38.030000    1048.161232    1048.161013       0.000219
      38.093000    1538.710096    1538.709866       0.000230
      38.159000    2251.929624    2251.929927      -0.000303
      38.218000    2962.666441    2962.666705      -0.000264
      38.279000    3557.292385    3557.292655      -0.000270
      38.344000    3758.666611    3758.666327       0.000284
      38.408000    3442.525690    3442.525408       0.000282
      38.464000    2921.799620    2921.799675      -0.000055
      38.529000    2279.205269    2279.205334      -0.000065
      38.594000    1756.681192    1756.681442      -0.000250
      38.658000    1400.156069    1400.156337      -0.000268
      38.714000    1186.090590    1186.090539       0.000051
      38.779000    1004.719801    1004.719878      -0.000077
      38.844000     858.651914     858.651704       0.000210
      38.908000     733.012345     733.012386      -0.000041
      38.964000     634.018323     634.018448      -0.000125
      39.029000     531.688985     531.689186      -0.000201
      39.094000     443.020934     443.020951      -0.000017
      39.158000     369.009309     369.009061       0.000248
      39.214000     314.392984     314.392720       0.000264
      39.279000     261.883141     261.883033       0.000108
      39.344000     219.533778     219.533537       0.000241
      39.408000     186.265636     186.265696      -0.000060
      39.464000     162.776080     162.775822       0.000258
      39.529000     140.862018     140.861771       0.000247
      39.594000     123.453085     123.453150      -0.000065
      39.658000     109.722455     109.722693      -0.000238
      39.714000      99.828996      99.829281      -0.000285
      39.779000      90.267451      90.267181       0.000270
      39.844000      82.279857      82.279985      -0.000128
      39.908000      75.603576      75.603505       0.000071
      39.963000      70.791713      70.792057      -0.000344
      40.024000      65.891681      65.891541       0.000140
      40.078000      62.021622      62.021604       0.000018
      40.133000      58.458079      58.457871       0.000208
      40.188000      55.225940      55.225813       0.000127
      40.246000      52.125363      52.125621      -0.000258
      40.308000      49.117986      49.118106      -0.000120
      40.363000      46.682045      46.682122      -0.000077
      40.417000      44.480520      44.480679      -0.000159
      40.472000      42.410329      42.410328       0.000001
      40.534000      40.263994      40.264241      -0.000247
      40.598000      38.236075      38.235914       0.000161
      40.657000      36.516300      36.516174       0.000126
      40.712000      35.030482      35.030206       0.000276
      40.773000      33.502098      33.502317      -0.000219
      40.827000      29.691742      29.691948      -0.000206
      40.887000      28.509775      28.510017      -0.000242
      40.947000      27.412924      27.412909       0.000015
      41.000000      26.508111      26.508430      -0.000319
      41.062000      25.521042      25.520916       0.000126
      41.120000      24.661064      24.660734       0.000330
      41.174000      23.910372      23.910523      -0.000151
      41.237000      23.092924      23.092672       0.000252
      41.299000      22.343429      22.343238       0.000191
      41.352000      21.743236      21.742959       0.000277
      41.412000      21.105228      21.105273      -0.000045
      41.470000      20.528293      20.528224       0.000069
      41.537000      19.906453      19.906305       0.000148
      41.602000      19.345662      19.345463       0.000199
      41.662000      18.862545      18.862465       0.000080
      41.720000      18.425381      18.425202       0.000179
      41.787000      17.954050      17.954024       0.000026
      41.852000      17.529345      17.529513      -0.000168
      41.912000      17.164813      17.164540       0.000273
      41.970000      16.834937      16.834912       0.000025
      42.037000      18.541455      18.541466      -0.000011
      42.102000      18.329505      18.329615      -0.000110
      42.162000      18.163545      18.163269       0.000276
      42.220000      18.028787      18.028949      -0.000162
      42.287000      17.906248      17.906157       0.000091
      42.352000      17.820350      17.820481      -0.000131
      42.412000      17.771088      17.771179      -0.000091
      42.470000      17.751604      17.751366       0.000238
      42.537000      17.763462      17.763627      -0.000165
      42.602000      17.209377      17.209312       0.000065
      42.662000      17.296652      17.296593       0.000059
      42.725000      17.425904      17.426078      -0.000174
      42.788000      17.597016      17.597263      -0.000247
      42.852000      17.816964      17.817189      -0.000225
      42.916000      18.087808      18.087987      -0.000179
      42.977000      18.398379      18.398400      -0.000021
      43.041000      18.785264      18.785147       0.000117
      43.102000      19.219120      19.219124      -0.000004
      43.164000      19.734359      19.734324       0.000035
      43.227000      20.345623      20.345727      -0.000104
      43.291000      21.071723      21.071741      -0.000018
      43.351000      21.864627      21.864676      -0.000049
      43.415000      22.851689      22.851879      -0.000190
      43.479000      24.015033      24.015164      -0.000131
      43.542000      25.367568      25.367792      -0.000224
      43.601000      26.864157      26.863981       0.000176
      43.664000      28.764676      28.764547       0.000129
      43.731000      31.223233      31.223150       0.000083
      43.797000      34.216407      34.216338       0.000069
      43.856000      37.532221      37.532344      -0.000123
      43.914000      41.612102      41.612275      -0.000173
      43.981000      47.949568      47.949491       0.000077
      44.047000      57.677099      57.676773       0.000326
      44.106000      73.564654      73.564982      -0.000328
      44.164000     105.254630     105.254353       0.000277
      44.231000     186.405590     186.405612      -0.000022
      44.297000     354.961822     354.962118      -0.000296
      44.356000     616.766472     616.766432       0.000040
      44.414000     982.669323     982.669442      -0.000119
      44.481000    1474.001735    1474.001541       0.000194
      44.547000    1864.482839    1864.482908      -0.000069
      44.606000    1961.113994    1961.113848       0.000146
      44.664000    1765.693695    1765.693884      -0.000189
      44.731000    1316.357915    1316.358059      -0.000144
      44.797000     845.669967     845.669702       0.000265
      44.856000     514.336500     514.336409       0.000091
      44.914000     300.493916     300.494007      -0.000091
      44.981000     168.038502     168.038575      -0.000073
      45.047000     111.475066     111.475264      -0.000198
      45.106000      91.570378      91.570189       0.000189
      45.164000      84.721531      84.721309       0.000222
      45.231000      84.050037      84.049881       0.000156
      45.297000      87.644309      87.643947       0.000362
      45.356000      93.518477      93.518858      -0.000381
      45.412000     101.153099     101.152933       0.000166
      45.471000     111.196685     111.196506       0.000179
      45.534000     123.964708     123.964391       0.000317
      45.595000     137.881709     137.881691       0.000018
      45.648000     151.041700     151.041965      -0.000265
      45.705000     165.653861     165.654006      -0.000145
      45.765000     180.422485     180.422541      -0.000056
      45.820000     192.984591     192.984619      -0.000028
      45.875000     203.254274     203.254417      -0.000143
      45.929000     210.119923     210.119870       0.000053
      45.983000     212.994506     212.994388       0.000118
      46.046000     210.867249     210.867418      -0.000169
      46.103000     204.171057     204.170964       0.000093
      46.166000     192.533439     192.533129       0.000310
      46.228000     178.206787     178.206731       0.000056
      46.287000     163.254087     163.254185      -0.000098
      46.343000     148.834865     148.834680       0.000185
      46.417000     130.560336     130.560325       0.000011
      46.481000     116.678521     116.678904      -0.000383
      46.542000     104.562974     104.562674       0.000300
      46.601000      94.473812      94.474192      -0.000380
      46.667000      85.148041      85.148233      -0.000192
      46.731000      78.011757      78.012010      -0.000253
      46.792000      72.866019      72.866142      -0.000123
      46.851000      69.290495      69.290152       0.000343
      46.917000      66.774386      66.774247       0.000139
      46.981000      65.671597      65.671772      -0.000175
      47.042000      65.753396      65.753260       0.000136
      47.101000      66.825516      66.825579      -0.000063
      47.167000      69.193735      69.193745      -0.000010
      47.231000      70.863567      70.863646      -0.000079
      47.292000      75.644023      75.644044      -0.000021
      47.351000      81.705378      81.705332       0.000046
      47.417000      90.551440      90.551053       0.000387
      47.481000     101.692435     101.692433       0.000002
      47.542000     115.249865     115.250206      -0.000341
      47.601000     131.659807     131.659805       0.000002
      47.667000     154.632513     154.632161       0.000352
      47.731000     182.292023     182.292171      -0.000148
      47.792000     214.291834     214.291587       0.000247
      47.851000     250.906348     250.906077       0.000271
      47.917000     298.800030     298.800133      -0.000103
      47.981000     352.102242     352.102039       0.000203
      48.042000     408.694414     408.694238       0.000176
      48.103000     469.770801     469.771100      -0.000299
      48.166000     535.524542     535.524489       0.000053
      48.228000     599.796137     599.795815       0.000322
      48.287000     656.616970     656.617164      -0.000194
      48.346000     704.509717     704.509433       0.000284
      48.414000     742.185754     742.185685       0.000069
      48.477000     755.159379     755.159591      -0.000212
      48.539000     745.242144     745.242458      -0.000314
      48.597000     716.826848     716.826883      -0.000035
      48.664000     665.839090     665.838830       0.000260
      48.727000     606.213368     606.212945       0.000423
      48.787000     544.292975     544.292861       0.000114
      48.846000     482.510533     482.510255       0.000278
      48.911000     416.764147     416.763791       0.000356
      48.974000     357.665601     357.665287       0.000314
      49.044000     297.731378     297.731210       0.000168
      49.103000     254.511191     254.511156       0.000035
      49.162000     217.126411     217.126375       0.000036
      49.227000     182.449805     182.449858      -0.000053
      49.294000     153.184872     153.184906      -0.000034
      49.353000     132.323157     132.322880       0.000277
      49.412000     115.379597     115.379534       0.000063
      49.477000     101.097797     101.097924      -0.000127
      49.544000      89.201948      89.201586       0.000362
      49.603000      81.019472      81.019116       0.000356
      49.662000      74.553263      74.553623      -0.000360
      49.727000      69.029175      69.029492      -0.000317
      49.794000      64.748445      64.748400       0.000045
      49.853000      61.970659      61.970365       0.000294
      49.912000      60.011827      60.011775       0.000052
      49.977000      58.745859      58.745721       0.000138
      50.044000      58.421505      58.421795      -0.000290
      50.103000      59.010399      59.010130       0.000269
      50.162000      60.500148      60.499930       0.000218
      50.227000      63.311487      63.311343       0.000144
      50.294000      67.669333      67.668998       0.000335
      50.353000      72.877858      72.877626       0.000232
      50.412000      79.496596      79.496906      -0.000310
      50.477000      88.529796      88.530334      -0.000538
      50.544000      99.820657      99.820293       0.000364
      50.603000     111.385076     111.384579       0.000497
      50.662000     124.336882     124.337108      -0.000226
      50.727000     139.901945     139.901976      -0.000031
      50.794000     156.770953     156.770839       0.000114
      50.850000     170.817325     170.817778      -0.000453
      50.906000     183.986105     183.986325      -0.000220
      50.960000     194.942903     194.942566       0.000337
      51.016000     203.471550     203.471417       0.000133
      51.070000     208.074118     208.073918       0.000200
      51.126000     208.482692     208.482845      -0.000153
      51.192000     203.154574     203.154382       0.000192
      51.252000     193.528171     193.527867       0.000304
      51.307000     181.694532     181.694800      -0.000268
      51.360000     168.518925     168.519210      -0.000285
      51.416000     153.649357     153.648941       0.000416
      51.477000     137.260124     137.260382      -0.000258
      51.540000     120.916904     120.916658       0.000246
      51.602000     105.955782     105.956119      -0.000337
      51.658000      93.673142      93.673105       0.000037
      51.712000      83.075516      83.075449       0.000067
      51.762000      74.378777      74.379102      -0.000325
      51.815000      66.326810      66.326473       0.000337
      51.872000      58.951238      58.951029       0.000209
      51.939000      51.854540      51.854354       0.000186
      52.003000      46.507875      46.507681       0.000194
      52.060000      42.775552      42.775508       0.000044
      52.122000      39.685752      39.685402       0.000350
      52.189000      37.333758      37.333698       0.000060
      52.253000      35.937432      35.937337       0.000095
      52.310000      35.325061      35.324896       0.000165
      52.372000      35.299339      35.299458      -0.000119
      52.439000      35.999078      35.999224      -0.000146
      52.503000      37.376562      37.376367       0.000195
      52.560000      39.190622      39.190657      -0.000035
      52.622000      41.805817      41.805547       0.000270
      52.689000      45.375036      45.374771       0.000265
      52.753000      49.478195      49.478473      -0.000278
      52.810000      53.646595      53.646446       0.000149
      52.872000      58.628441      58.628393       0.000048
      52.939000      64.334641      64.334394       0.000247
      53.003000      69.797727      69.797900      -0.000173
      53.060000      74.343932      74.344237      -0.000305
      53.122000      78.509139      78.509306      -0.000167
      53.189000      81.549527      81.549448       0.000079
      53.253000      82.568630      82.568438       0.000192
      53.310000      81.758249      81.758393      -0.000144
      53.372000      79.115825      79.115994      -0.000169
      53.439000      74.600508      74.600306       0.000202
      53.503000      69.790774      69.791299      -0.000525
      53.557000      64.819005      64.819243      -0.000238
      53.611000      59.736404      59.736412      -0.000008
      53.666000      54.655754      54.655549       0.000205
      53.726000      49.401191      49.401469      -0.000278
      53.789000      44.346725      44.346961      -0.000236
      53.849000      40.053751      40.053710       0.000041
      53.909000      36.690587      36.690704      -0.000117
      53.969000      33.482028      33.481622       0.000406
      54.027000      30.872266      30.871910       0.000356
      54.089000      28.574053      28.574501      -0.000448
      54.158000      26.719274      26.719216       0.000058
      54.221000      25.299952      25.299624       0.000328
      54.280000      24.281058      24.281474      -0.000416
      54.340000      23.505096      23.505079       0.000017
      54.408000      22.885908      22.886300      -0.000392
      54.475000      22.498525      22.497961       0.000564
      54.538000      22.297430      22.297241       0.000189
      54.595000      22.231047      22.231691      -0.000644
      54.660000      22.272824      22.273385      -0.000561
      54.725000      22.426362      22.426933      -0.000571
      54.788000      22.674535      22.675066      -0.000531
      54.845000      22.981837      22.982030      -0.000193
      54.910000      23.430556      23.429852       0.000704
      54.975000      23.988595      23.988898      -0.000303
      55.038000      24.649107      24.649012       0.000095
      55.095000      25.360749      25.361184      -0.000435
      55.160000      26.331050      26.331326      -0.000276
      55.225000      27.505891      27.505436       0.000455
      55.288000      28.885622      28.885267       0.000355
      55.345000      30.386237      30.386952      -0.000715
      55.410000      32.655646      32.655632       0.000014
      55.475000      35.215619      35.216163      -0.000544
      55.538000      38.263659      38.263104       0.000555
      55.595000      41.592979      41.592848       0.000131
      55.660000      46.597190      46.596589       0.000601
      55.725000      52.140759      52.140424       0.000335
      55.788000      58.542295      58.541783       0.000512
      55.845000      65.273716      65.273041       0.000675
      55.910000      74.086625      74.087132      -0.000507
      55.975000      84.101050      84.101603      -0.000553
      56.038000      94.869032      94.869159      -0.000127
      56.095000     105.355299     105.354987       0.000312
      56.160000     117.872947     117.873233      -0.000286
      56.222000     129.910504     129.911072      -0.000568
      56.278000     140.330203     140.330764      -0.000561
      56.333000     149.654349     149.653566       0.000783
      56.388000     157.268143     157.267828       0.000315
      56.442000     162.632385     162.633138      -0.000753
      56.498000     165.549501     165.549475       0.000026
      56.557000     165.621092     165.620975       0.000117
      56.613000     163.113233     163.113210       0.000023
      56.671000     158.462738     158.461877       0.000861
      56.734000     151.992673     151.993242      -0.000569
      56.792000     145.619676     145.619944      -0.000268
      56.847000     139.905140     139.905440      -0.000300
      56.905000     134.655266     134.655971      -0.000705
      56.968000     130.911235     130.910649       0.000586
      57.028000     129.570286     129.569669       0.000617
      57.083000     130.652100     130.652119      -0.000019
      57.138000     134.292809     134.292928      -0.000119
      57.204000     142.448429     142.447819       0.000610
      57.258000     152.513729     152.514288      -0.000559
      57.319000     167.841504     167.841977      -0.000473
      57.387000     190.141270     190.141909      -0.000639
      57.454000     217.639932     217.640016      -0.000084
      57.508000     243.744011     243.743954       0.000057
      57.569000     277.194888     277.194956      -0.000068
      57.637000     318.767696     318.767269       0.000427
      57.704000     362.909349     362.909368      -0.000019
      57.758000     399.458959     399.458521       0.000438
      57.819000     439.836745     439.836617       0.000128
      57.887000     480.485493     480.485532      -0.000039
      57.954000     511.800529     511.800035       0.000494
      58.008000     527.788152     527.788954      -0.000802
      58.069000     533.685249     533.685789      -0.000540
      58.137000     524.192381     524.193134      -0.000753
      58.204000     499.753073     499.753314      -0.000241
      58.258000     471.576309     471.576255       0.000054
      58.319000     433.735120     433.734501       0.000619
      58.387000     387.715910     387.715622       0.000288
      58.454000     341.720330     341.720444      -0.000114
      58.508000     305.872255     305.872053       0.000202
      58.569000     267.861781     267.860951       0.000830
      58.637000     229.493371     229.493113       0.000258
      58.704000     196.351144     196.351228      -0.000084
      58.758000     173.113876     173.113219       0.000657
      58.819000     150.501507     150.501285       0.000222
      58.887000     129.676412     129.676111       0.000301
      58.951000     113.678588     113.678842      -0.000254
      59.004000     102.815363     102.815710      -0.000347
      59.060000      93.387023      93.386576       0.000447
      59.114000      85.994109      85.994113      -0.000004
      59.172000      79.630685      79.631219      -0.000534
      59.236000      74.166402      74.166102       0.000300
      59.296000      70.257134      70.257548      -0.000414
      59.352000      67.473629      67.473720      -0.000091
      59.409000      65.344770      65.345156      -0.000386
      59.470000      63.731302      63.731728      -0.000426
      59.529000      61.991091      61.990697       0.000394
      59.585000      61.557272      61.556956       0.000316
      59.647000      61.494296      61.494952      -0.000656
      59.704000      61.871294      61.871225       0.000069
      59.757000      62.601949      62.601673       0.000276
      59.812000      63.776338      63.776626      -0.000288
      59.861000      65.217314      65.216924       0.000390
      59.917000      67.381408      67.381711      -0.000303
      59.985000      70.892179      70.892639      -0.000460
      60.049000      75.391725      75.392624      -0.000899
      60.106000      80.390528      80.390175       0.000353
      60.167000      87.131204      87.131612      -0.000408
      60.235000      96.738748      96.738911      -0.000163
      60.299000     108.226888     108.226804       0.000084
      60.356000     120.862701     120.862949      -0.000248
      60.417000     137.278835     137.279268      -0.000433
      60.485000     159.612174     159.611715       0.000459
      60.549000     184.918780     184.918813      -0.000033
      60.606000     211.241723     211.241757      -0.000034
      60.667000     243.436223     243.436643      -0.000420
      60.735000     284.144453     284.144331       0.000122
      60.799000     326.633149     326.633651      -0.000502
      60.856000     367.206994     367.207265      -0.000271
      60.917000     412.291081     412.290957       0.000124
      60.985000     462.409494     462.409439       0.000055
      61.049000     506.461161     506.461844      -0.000683
      61.106000     540.088658     540.088782      -0.000124
      61.167000     566.953070     566.952868       0.000202
      61.235000     582.080593     582.080150       0.000443
      61.299000     580.052178     580.051771       0.000407
      61.356000     565.011810     565.012280      -0.000470
      61.417000     537.180666     537.181211      -0.000545
      61.485000     495.589233     495.588733       0.000500
      61.549000     450.408647     450.408669      -0.000022
      61.609000     405.905527     405.905571      -0.000044
      61.668000     362.372891     362.372862       0.000029
      61.733000     316.524987     316.524616       0.000371
      61.797000     275.244446     275.243626       0.000820
      61.859000     238.798144     238.797893       0.000251
      61.921000     206.606209     206.606577      -0.000368
      61.983000     183.214219     183.213668       0.000551
      62.046000     159.272009     159.272414      -0.000405
      62.110000     139.017065     139.017765      -0.000700
      62.171000     123.126867     123.127779      -0.000912
      62.230000     110.528833     110.529470      -0.000637
      62.294000      99.315880      99.316699      -0.000819
      62.360000      90.333840      90.334816      -0.000976
      62.423000      83.610494      83.610967      -0.000473
      62.484000      78.479737      78.478720       0.001017
      62.544000      74.495840      74.495581       0.000259
      62.613000      70.954641      70.954746      -0.000105
      62.676000      68.496909      68.496543       0.000366
      62.732000      66.813651      66.814125      -0.000474
      62.795000      65.390540      65.390827      -0.000287
      62.863000      64.326419      64.326198       0.000221
      62.926000      63.718798      63.718464       0.000334
      62.982000      63.452414      63.452176       0.000238
      63.045000      63.438583      63.438309       0.000274
      63.113000      63.745233      63.745393      -0.000160
      63.176000      64.320322      64.320982      -0.000660
      63.232000      65.066560      65.066354       0.000206
      63.295000      66.172869      66.172961      -0.000092
      63.363000      67.696117      67.696447      -0.000330
      63.426000      69.431361      69.430536       0.000825
      63.482000      71.249725      71.249343       0.000382
      63.545000      73.635489      73.634610       0.000879
      63.613000      76.650721      76.650883      -0.000162
      63.676000      79.905634      79.905256       0.000378
      63.732000      83.215903      83.215283       0.000620
      63.795000      87.477085      87.477385      -0.000300
      63.863000      92.816933      92.817746      -0.000813
      63.926000      98.582419      98.581940       0.000479
      63.976000     103.818089     103.817390       0.000699
      64.032000     110.505390     110.505979      -0.000589
      64.088000     118.242751     118.243288      -0.000537
      64.145000     127.422467     127.421983       0.000484
      64.213000     140.542868     140.543190      -0.000322
      64.283000     157.324843     157.325113      -0.000270
      64.338000     173.797459     173.797997      -0.000538
      64.393000     194.662002     194.661295       0.000707
      64.454000     226.821287     226.822049      -0.000762
      64.516000     278.852638     278.853922      -0.001284
      64.583000     381.599172     381.598909       0.000263
      64.644000     559.287393     559.288250      -0.000857
      64.706000     882.184171     882.184939      -0.000768
      64.767000    1400.033192    1400.033989      -0.000797
      64.831000    2185.081876    2185.081151       0.000725
      64.894000    3139.658608    3139.657830       0.000778
      64.956000    4074.023666    4074.023627       0.000039
      65.018000    4718.457793    4718.458090      -0.000297
      65.080000    4805.628889    4805.629460      -0.000571
      65.144000    4292.775925    4292.775774       0.000151
      65.210000    3413.937793    3413.937256       0.000537
      65.270000    2595.200120    2595.200192      -0.000072
      65.329000    1938.937924    1938.938940      -0.001016
      65.392000    1463.555924    1463.554856       0.001068
      65.460000    1184.411720    1184.411745      -0.000025
      65.520000    1073.278464    1073.278765      -0.000301
      65.579000    1030.401950    1030.402199      -0.000249
      65.642000    1015.540335    1015.540248       0.000087
      65.710000    1009.025276    1009.024952       0.000324
      65.770000    1002.161743    1002.162631      -0.000888
      65.829000     991.957744     991.958333      -0.000589
      65.892000     976.626379     976.625383       0.000996
      65.960000     954.152092     954.152730      -0.000638
      66.020000     928.346496     928.346880      -0.000384
      66.079000     896.805512     896.806009      -0.000497
      66.142000     856.297608     856.297213       0.000395
      66.210000     805.286242     805.286978      -0.000736
      66.270000     755.396557     755.395700       0.000857
      66.329000     703.431297     703.431133       0.000164
      66.392000     646.588135     646.589250      -0.001115
      66.460000     585.992313     585.993216      -0.000903
      66.520000     535.100476     535.100540      -0.000064
      66.579000     488.703012     488.702473       0.000539
      66.642000     444.438837     444.438691       0.000146
      66.710000     403.849559     403.850152      -0.000593
      66.770000     374.826863     374.825979       0.000884
      66.829000     352.817464     352.818592      -0.001128
      66.892000     336.652033     336.651894       0.000139
      66.960000     327.743891     327.744485      -0.000594
      67.016000     327.048779     327.048197       0.000582
      67.075000     332.641352     332.641180       0.000172
      67.143000     346.864559     346.864976      -0.000417
      67.207000     367.420178     367.420618      -0.000440
      67.269000     393.339360     393.338757       0.000603
      67.327000     422.218474     422.217944       0.000530
      67.392000     458.704935     458.703874       0.001061
      67.458000     498.516708     498.516249       0.000459
      67.519000     535.813821     535.814614      -0.000793
      67.577000     569.757950     569.757617       0.000333
      67.638000     601.719107     601.718881       0.000226
      67.707000     630.507487     630.507382       0.000105
      67.769000     647.475526     647.474668       0.000858
      67.828000     654.203135     654.202518       0.000617
      67.891000     650.350435     650.350119       0.000316
      67.957000     634.049807     634.049084       0.000723
      68.026000     605.116529     605.116770      -0.000241
      68.084000     573.794270     573.795104      -0.000834
      68.141000     538.963804     538.963055       0.000749
      68.210000     490.114573     490.115047      -0.000474
      68.276000     447.813880     447.814053      -0.000173
      68.334000     412.298218     412.298360      -0.000142
      68.391000     379.709331     379.709136       0.000195
      68.460000     343.879232     343.880001      -0.000769
      68.526000     313.167524     313.166921       0.000603
      68.584000     288.773125     288.772501       0.000624
      68.641000     266.750334     266.750104       0.000230
      68.710000     242.111397     242.110956       0.000441
      68.776000     220.172172     220.171273       0.000899
      68.834000     202.036358     202.036643      -0.000285
      68.891000     185.260486     185.259752       0.000734
      68.960000     166.420258     166.420632      -0.000374
      69.026000     150.006963     150.006615       0.000348
      69.084000     136.918872     136.918655       0.000217
      69.141000     125.497443     125.497307       0.000136
      69.210000     112.960007     112.959339       0.000668
      69.276000     102.474629     102.474168       0.000461
      69.334000      94.390764      94.390832      -0.000068
      69.391000      87.402171      87.402549      -0.000378
      69.460000      80.094764      80.095534      -0.000770
      69.526000      74.170021      74.170242      -0.000221
      69.584000      69.728073      69.728255      -0.000182
      69.643000      66.110603      66.109956       0.000647
      69.708000      62.022002      62.022141      -0.000139
      69.772000      59.107902      59.107057       0.000845
      69.831000      56.888518      56.887859       0.000659
      69.893000      54.982368      54.982434      -0.000066
      69.958000      53.408505      53.408732      -0.000227
      70.021000      52.262195      52.261797       0.000398
      70.083000      51.478860      51.479298      -0.000438
      70.143000      51.046969      51.046481       0.000488
      70.207000      50.946977      50.947746      -0.000769
      70.271000      51.248003      51.248697      -0.000694
      70.333000      51.961857      51.961387       0.000470
      70.394000      53.119175      53.118933       0.000242
      70.455000      54.788154      54.788195      -0.000041
      70.519000      57.164664      57.164051       0.000613
      70.583000      60.259790      60.259266       0.000524
      70.639000      63.630265      63.630467      -0.000202
      70.702000      68.225108      68.224501       0.000607
      70.769000      74.117636      74.117398       0.000238
      70.835000      80.981580      80.981452       0.000128
      70.894000      88.022904      88.022342       0.000562
      70.952000      95.755215      95.754910       0.000305
      71.019000     105.605339     105.604480       0.000859
      71.085000     116.097352     116.096795       0.000557
      71.144000     125.914529     125.914391       0.000138
      71.202000     135.675003     135.674941       0.000062
      71.269000     146.591092     146.591302      -0.000210
      71.335000     156.324497     156.324187       0.000310
      71.394000     163.588840     163.589133      -0.000293
      71.452000     168.977215     168.978079      -0.000864
      71.519000     172.766108     172.766054       0.000054
      71.585000     174.053075     174.053687      -0.000612
      71.644000     173.549584     173.549533       0.000051
      71.702000     172.063667     172.063663       0.000004
      71.769000     169.846336     169.846237       0.000099
      71.835000     167.828788     167.829072      -0.000284
      71.894000     166.599454     166.598594       0.000860
      71.952000     166.137531     166.137148       0.000383
      72.019000     166.612317     166.612865      -0.000548
      72.085000     168.054280     168.053733       0.000547
      72.144000     169.982936     169.983216      -0.000280
      72.202000     172.295826     172.296701      -0.000875
      72.269000     175.237976     175.236830       0.001146
      72.335000     178.356271     178.356806      -0.000535
      72.388000     180.825660     180.826522      -0.000862
      72.452000     183.737340     183.736660       0.000680
      72.516000     186.357380     186.356768       0.000612
      72.580000     188.298631     188.299059      -0.000428
      72.640000     189.055795     189.056757      -0.000962
      72.702000     188.265910     188.266060      -0.000150
      72.765000     185.435496     185.435880      -0.000384
      72.829000     180.304843     180.305564      -0.000721
      72.890000     173.490915     173.490647       0.000268
      72.952000     165.078549     165.079637      -0.001088
      73.010000     156.377145     156.377029       0.000116
      73.077000     145.426178     145.425962       0.000216
      73.139000     136.066476     136.066144       0.000332
      73.203000     127.133749     127.133968      -0.000219
      73.263000     119.764421     119.764263       0.000158
      73.325000     113.429708     113.430348      -0.000640
      73.390000     108.426521     108.427074      -0.000553
      73.458000     105.206159     105.206690      -0.000531
      73.525000     104.376769     104.376517       0.000252
      73.590000     105.802768     105.803620      -0.000852
      73.658000     109.971142     109.971503      -0.000361
      73.712000     115.402308     115.401864       0.000444
      73.775000     124.270409     124.270451      -0.000042
      73.840000     136.483996     136.483716       0.000280
      73.908000     152.773541     152.774337      -0.000796
      73.962000     168.384534     168.385167      -0.000633
      74.025000     189.609208     189.609744      -0.000536
      74.090000     214.870368     214.869695       0.000673
      74.158000     244.714128     244.714638      -0.000510
      74.212000     270.609716     270.609237       0.000479
      74.275000     302.695267     302.695065       0.000202
      74.340000     336.989914     336.989979      -0.000065
      74.408000     372.612076     372.611919       0.000157
      74.462000     399.266586     399.266586      -0.000000
      74.525000     426.614667     426.614002       0.000665
      74.590000     448.223669     448.223680      -0.000011
      74.658000     461.152322     461.151901       0.000421
      74.712000     463.140009     463.139378       0.000631
      74.775000     464.249620     464.248639       0.000981
      74.840000     447.357273     447.357760      -0.000487
      74.908000     421.155944     421.156277      -0.000333
      74.962000     395.945105     395.943729       0.001376
      75.025000     364.035903     364.035565       0.000338
      75.090000     329.345747     329.345286       0.000461
      75.145000     300.132762     300.131533       0.001229
      75.209000     267.347316     267.347493      -0.000177
      75.273000     236.664441     236.663846       0.000595
      75.337000     208.603441     208.603371       0.000070
      75.396000     185.338442     185.338557      -0.000115
      75.458000     163.668089     163.668002       0.000087
      75.520000     144.834313     144.832877       0.001436
      75.583000     128.455261     128.456925      -0.001664
      75.646000     114.659829     114.659636       0.000193
      75.709000     103.198239     103.198584      -0.000345
      75.768000      94.336604      94.336893      -0.000289
      75.830000      86.727144      86.727837      -0.000693
      75.895000      80.347707      80.346312       0.001395
      75.959000      75.407486      75.407632      -0.000146
      76.013000      72.116886      72.116684       0.000202
      76.078000      69.041377      69.041127       0.000250
      76.145000      66.729047      66.729229      -0.000182
      76.204000      65.298755      65.298317       0.000438
      76.263000      64.357526      64.356809       0.000717
      76.328000      63.820307      63.819822       0.000485
      76.395000      63.766417      63.768096      -0.001679
      76.454000      64.116007      64.116135      -0.000128
      76.513000      64.823331      64.823634      -0.000303
      76.578000      66.021045      66.020765       0.000280
      76.645000      67.766814      67.765950       0.000864
      76.704000      69.701978      69.702888      -0.000910
      76.763000      72.077155      72.076913       0.000242
      76.828000      75.252533      75.252590      -0.000057
      76.895000      79.228696      79.229937      -0.001241
      76.954000      83.409888      83.410762      -0.000874
      77.013000      88.331130      88.332623      -0.001493
      77.078000      94.762560      94.763034      -0.000474
      77.145000     102.734273     102.733835       0.000438
      77.204000     111.119544     111.120166      -0.000622
      77.263000     121.083594     121.082779       0.000815
      77.328000     134.335511     134.335520      -0.000009
      77.395000     151.304272     151.303234       0.001038
      77.454000     170.133029     170.132754       0.000275
      77.513000     194.654353     194.655001      -0.000648
      77.578000     233.452729     233.453719      -0.000990
      77.645000     300.238052     300.236644       0.001408
      77.704000     404.893766     404.894406      -0.000640
      77.764000     597.987995     597.988469      -0.000474
      77.826000     955.059925     955.060107      -0.000182
      77.890000    1582.650378    1582.650299       0.000079
      77.949000    2464.674117    2464.674057       0.000060
      78.014000    3789.364265    3789.365310      -0.001045
      78.076000    5290.960750    5290.960649       0.000101
      78.139000    6793.095269    6793.096472      -0.001203
      78.201000    7851.391791    7851.392278      -0.000487
      78.263000    8098.548649    8098.549681      -0.001032
      78.324000    7443.532632    7443.533511      -0.000879
      78.387000    6116.047169    6116.046335       0.000834
      78.451000    4537.731615    4537.730450       0.001165
      78.515000    3089.123199    3089.123778      -0.000579
      78.573000    2052.992915    2052.991439       0.001476
      78.637000    1255.336232    1255.336451      -0.000219
      78.700000     774.076330     774.077542      -0.001212
      78.759000     515.947278     515.948172      -0.000894
      78.818000     373.425576     373.426529      -0.000953
      78.885000     287.956807     287.956267       0.000540
      78.950000     243.522402     243.523554      -0.001152
      79.009000     219.212522     219.211798       0.000724
      79.068000     203.072525     203.073173      -0.000648
      79.135000     190.809061     190.809597      -0.000536
      79.200000     183.086251     183.086466      -0.000215
      79.259000     178.666599     178.666749      -0.000150
      79.318000     176.054941     176.055310      -0.000369
      79.385000     174.617425     174.617611      -0.000186
      79.450000     174.172662     174.173664      -0.001002
      79.509000     174.168889     174.167945       0.000944
      79.568000     174.257362     174.257544      -0.000182
      79.635000     174.221049     174.221367      -0.000318
      79.700000     173.825374     173.826251      -0.000877
      79.759000     172.965744     172.965004       0.000740
      79.818000     171.422991     171.422415       0.000576
      79.885000     168.569538     168.570692      -0.001154
      79.950000     164.241479     164.241743      -0.000264
      80.009000     159.212688     159.213718      -0.001030
      80.068000     153.025592     153.025735      -0.000143
      80.135000     144.833829     144.833624       0.000205
      80.200000     136.073348     136.072229       0.001119
      80.259000     127.378591     127.379195      -0.000604
      80.318000     119.103424     119.103395       0.000029
      80.385000     110.011895     110.012706      -0.000811
      80.450000     101.749517     101.749777      -0.000260
      80.512000      94.538281      94.537797       0.000484
      80.572000      88.269994      88.269612       0.000382
      80.636000      82.409768      82.408821       0.000947
      80.699000      77.499220      77.500521      -0.001301
      80.762000      73.448644      73.448695      -0.000051
      80.821000      70.423770      70.423315       0.000455
      80.883000      68.031085      68.031374      -0.000289
      80.947000      66.388971      66.390542      -0.001571
      81.012000      65.567264      65.568304      -0.001040
      81.071000      65.546896      65.547349      -0.000453
      81.129000      66.115335      66.114783       0.000552
      81.195000      67.671489      67.670922       0.000567
      81.263000      70.198437      70.199007      -0.000570
      81.323000      73.235158      73.235875      -0.000717
      81.378000      76.709866      76.709945      -0.000079
      81.444000      81.791846      81.792509      -0.000663
      81.515000      88.431256      88.431681      -0.000425
      81.578000      95.399787      95.398693       0.001094
      81.633000     102.358751     102.359024      -0.000273
      81.694000     111.091076     111.092029      -0.000953
      81.765000     122.727511     122.727842      -0.000331
      81.828000     126.840174     126.840384      -0.000210
      81.883000     139.035970     139.036147      -0.000177
      81.944000     155.017811     155.017636       0.000175
      82.015000     178.702726     178.702481       0.000245
      82.078000     206.654969     206.654548       0.000421
      82.133000     238.435091     238.435218      -0.000127
      82.194000     282.962163     282.961939       0.000224
      82.265000     346.240756     346.240541       0.000215
      82.328000     407.560410     407.560327       0.000083
      82.383000     457.881931     457.882489      -0.000558
      82.444000     500.023984     500.024506      -0.000522
      82.515000     519.416101     519.416748      -0.000647
      82.578000     510.151872     510.152432      -0.000560
      82.633000     489.660482     489.660677      -0.000195
      82.694000     463.172667     463.172551       0.000116
      82.765000     436.535192     436.534912       0.000280
      82.828000     420.631743     420.631169       0.000574
      82.883000     412.774740     412.774107       0.000633
      82.944000     408.895166     408.895264      -0.000098
      83.015000     407.905462     407.905040       0.000422
      83.078000     407.982396     407.982054       0.000342
      83.133000     407.704106     407.704013       0.000093
      83.195000     406.323857     406.324582      -0.000725
      83.263000     402.840873     402.840604       0.000269
      83.323000     397.465531     397.465241       0.000290
      83.383000     389.651874     389.651187       0.000687
      83.445000     377.933571     377.933051       0.000520
      83.514000     360.636426     360.636358       0.000068
      83.576000     341.532554     341.533283      -0.000729
      83.634000     321.156704     321.157246      -0.000542
      83.695000     297.949658     297.949860      -0.000202
      83.764000     270.614898     270.615128      -0.000230
      83.828000     245.247090     245.246647       0.000443
      83.887000     222.540987     222.541727      -0.000740
      83.946000     200.944832     200.944494       0.000338
      84.014000     177.817353     177.817829      -0.000476
      84.078000     158.000741     158.001469      -0.000728
      84.133000     142.449853     142.450036      -0.000183
      84.194000     127.068944     127.068589       0.000355
      84.265000     111.405830     111.405850      -0.000020
      84.331000      98.897734      98.897205       0.000529
      84.388000      89.561809      89.561255       0.000554
      84.444000      81.607841      81.607560       0.000281
      84.515000      73.079301      73.079814      -0.000513
      84.581000      66.532703      66.532409       0.000294
      84.638000      61.803721      61.803099       0.000622
      84.694000      57.888089      57.887532       0.000557
      84.765000      53.818439      53.818826      -0.000387
      84.831000      50.807200      50.807066       0.000134
      84.888000      48.715682      48.715948      -0.000266
      84.944000      47.014095      47.013417       0.000678
      85.015000      45.439014      45.438948       0.000066
      85.081000      44.448023      44.447463       0.000560
      85.138000      43.934983      43.934905       0.000078
      85.194000      43.737604      43.737334       0.000270
      85.265000      43.924866      43.925594      -0.000728
      85.331000      44.564860      44.564968      -0.000108
      85.388000      45.488713      45.488629       0.000084
      85.444000      46.761671      46.760863       0.000808
      85.515000      48.809036      48.808690       0.000346
      85.581000      51.419613      51.419338       0.000275
      85.638000      54.161739      54.162279      -0.000540
      85.694000      57.317689      57.318639      -0.000950
      85.765000      61.988496      61.987962       0.000534
      85.831000      66.996776      66.995984       0.000792
      85.888000      71.817046      71.816622       0.000424
      85.939000      76.487830      76.488175      -0.000345
      85.998000      82.257204      82.256627       0.000577
      86.065000      89.161147      89.161385      -0.000238
      86.129000      95.930662      95.930913      -0.000251
      86.191000     102.185062     102.184625       0.000437
      86.249000     108.042979     108.043597      -0.000618
      86.314000     113.877116     113.876858       0.000258
      86.379000     118.660244     118.660724      -0.000480
      86.441000     122.095460     122.095802      -0.000342
      86.499000     123.835577     123.834800       0.000777
      86.562000     124.207584     124.206777       0.000807
      86.627000     123.049771     123.048973       0.000798
      86.691000     120.651832     120.652839      -0.001007
      86.750000     117.672987     117.673337      -0.000350
      86.812000     114.123109     114.123534      -0.000425
      86.879000     110.239888     110.240471      -0.000583
      86.947000     106.662205     106.662122       0.000083
      87.012000     103.903987     103.904253      -0.000266
      87.079000     101.983547     101.982787       0.000760
      87.147000     101.160391     101.160569      -0.000178
      87.204000     101.422254     101.423036      -0.000782
      87.262000     102.609650     102.609058       0.000592
      87.329000     105.112355     105.112827      -0.000472
      87.397000     108.815073     108.815097      -0.000024
      87.454000     112.707812     112.707724       0.000088
      87.512000     117.258162     117.258793      -0.000631
      87.579000     123.005938     123.005719       0.000219
      87.647000     128.564685     128.564520       0.000165
      87.704000     133.379334     133.378681       0.000653
      87.762000     137.738023     137.737898       0.000125
      87.829000     141.699165     141.698717       0.000448
      87.897000     144.175303     144.175630      -0.000327
      87.954000     144.911085     144.911090      -0.000005
      88.012000     144.438384     144.437929       0.000455
      88.079000     142.636079     142.636448      -0.000369
      88.147000     139.884002     139.883811       0.000191
      88.204000     137.289748     137.289945      -0.000197
      88.262000     134.784071     134.783921       0.000150
      88.329000     132.523877     132.523369       0.000508
      88.397000     131.448817     131.449491      -0.000674
      88.454000     131.773102     131.773202      -0.000100
      88.512000     133.530751     133.530708       0.000043
      88.577000     137.464600     137.465151      -0.000551
      88.641000     143.617829     143.618235      -0.000406
      88.700000     151.445079     151.445782      -0.000703
      88.762000     162.025245     162.025145       0.000100
      88.827000     175.770918     175.770561       0.000357
      88.891000     191.972395     191.973114      -0.000719
      88.948000     208.542760     208.543323      -0.000563
      89.013000     229.731917     229.732428      -0.000511
      89.076000     252.284099     252.284066       0.000033
      89.137000     275.588526     275.588452       0.000074
      89.198000     299.750152     299.749638       0.000514
      89.264000     325.964371     325.964217       0.000154
      89.325000     349.205322     349.205161       0.000161
      89.384000     369.644942     369.645006      -0.000064
      89.447000     387.855403     387.854575       0.000828
      89.509000     400.749326     400.750066      -0.000740
      89.571000     407.519864     407.519882      -0.000018
      89.633000     407.482767     407.482549       0.000218
      89.698000     400.076236     400.076224       0.000012
      89.771000     383.628565     383.628199       0.000366
      89.833000     364.232115     364.232548      -0.000433
      89.898000     340.105790     340.106026      -0.000236
      89.963000     313.623936     313.624497      -0.000561
      90.021000     289.125653     289.125331       0.000322
      90.083000     262.957045     262.957037       0.000008
      90.148000     236.332939     236.332419       0.000520
      90.213000     211.147965     211.148454      -0.000489
      90.271000     190.238323     190.238300       0.000023
      90.333000     169.740058     169.739435       0.000623
      90.398000     150.442509     150.443049      -0.000540
      90.463000     133.445025     133.444952       0.000073
      90.521000     120.192139     120.192043       0.000096
      90.583000     107.947325     107.947143       0.000182
      90.648000      97.120209      97.120297      -0.000088
      90.713000      88.191931      88.191950      -0.000019
      90.771000      81.675307      81.675647      -0.000340
      90.833000      76.059144      76.059732      -0.000588
      90.898000      71.486464      71.487267      -0.000803
      90.963000      68.070119      68.069417       0.000702
      91.021000      65.837634      65.837243       0.000391
      91.083000      64.146966      64.147136      -0.000170
      91.148000      62.987405      62.988137      -0.000732
      91.213000      62.251082      62.251699      -0.000617
      91.272000      61.801070      61.801126      -0.000056
      91.332000      61.404669      61.405168      -0.000499
      91.395000      60.899278      60.899903      -0.000625
      91.460000      60.131738      60.132191      -0.000453
      91.522000      59.051266      59.051906      -0.000640
      91.584000      57.570198      57.570527      -0.000329
      91.647000      55.652917      55.652569       0.000348
      91.710000      53.365550      53.366164      -0.000614
      91.771000      51.078048      51.077595       0.000453
      91.834000      48.320461      48.320100       0.000361
      91.897000      45.468846      45.468692       0.000154
      91.959000      42.654332      42.653645       0.000687
      92.022000      39.851513      39.851539      -0.000026
      92.086000      37.118770      37.118560       0.000210
      92.149000      34.577264      34.577129       0.000135
      92.209000      32.316719      32.316266       0.000453
      92.283000      29.760142      29.760102       0.000040
      92.343000      27.882265      27.881867       0.000398
      92.398000      26.311846      26.312630      -0.000784
      92.460000      24.827517      24.827383       0.000134
      92.533000      23.164923      23.164586       0.000337
      92.593000      21.962376      21.963065      -0.000689
      92.648000      20.982031      20.981835       0.000196
      92.710000      20.000304      20.000615      -0.000311
      92.783000      18.997683      18.996960       0.000723
      92.843000      18.278907      18.279730      -0.000823
      92.898000      17.650871      17.650431       0.000440
      92.960000      17.067711      17.068421      -0.000710
      93.033000      16.471077      16.470731       0.000346
      93.093000      16.039931      16.040101      -0.000170
      93.148000      15.687502      15.686692       0.000810
      93.210000      15.328687      15.329473      -0.000786
      93.283000      14.957799      14.957385       0.000414
      93.343000      14.686418      14.685651       0.000767
      93.398000      14.460189      14.460356      -0.000167
      93.460000      14.146193      14.146577      -0.000384
      93.533000      13.907846      13.907115       0.000731
      93.593000      13.732420      13.732214       0.000206
      93.648000      13.587536      13.587862      -0.000326
      93.710000      13.442601      13.442248       0.000353
      93.783000      13.292741      13.292587       0.000154
      93.843000      13.186699      13.186226       0.000473
      93.898000      13.101866      13.101300       0.000566
      93.958000      13.022215      13.021869       0.000346
      94.032000      12.941485      12.942232      -0.000747
      94.090000      13.105870      13.105228       0.000642
      94.145000      13.071008      13.071175      -0.000167
      94.208000      13.044529      13.044969      -0.000440
      94.282000      13.031836      13.031426       0.000410
      94.338000      13.033795      13.033438       0.000357
      94.392000      13.044811      13.045348      -0.000537
      94.457000      13.073232      13.072677       0.000555
      94.532000      13.121960      13.121949       0.000011
      94.583000      13.167545      13.166437       0.001108
      94.639000      13.226258      13.225669       0.000589
      94.707000      13.312686      13.312496       0.000190
      94.780000      13.698770      13.698871      -0.000101
      94.833000      13.870333      13.871144      -0.000811
      94.889000      13.989789      13.989720       0.000069
      94.955000      14.145213      14.146051      -0.000838
      95.033000      14.356122      14.355077       0.001045
      95.088000      14.518736      14.519155      -0.000419
      95.155000      14.739251      14.738795       0.000456
      95.225000      14.992988      14.992898       0.000090
      95.283000      15.224792      15.223797       0.000995
      95.338000      15.460990      15.460922       0.000068
      95.405000      15.776502      15.775317       0.001185
      95.475000      16.136160      16.136002       0.000158
      95.533000      16.461663      16.461779      -0.000116
      95.588000      16.794988      16.794916       0.000072
      95.655000      17.235945      17.235072       0.000873
      95.725000      17.738359      17.738629      -0.000270
      95.783000      18.290054      18.290985      -0.000931
      95.838000      18.755445      18.755606      -0.000161
      95.905000      19.302664      19.302108       0.000556
      95.975000      20.006776      20.006520       0.000256
      96.033000      20.643603      20.643634      -0.000031
      96.088000      21.296995      21.297325      -0.000330
      96.155000      22.166383      22.166547      -0.000164
      96.225000      23.170652      23.171389      -0.000737
      96.283000      24.090409      24.089471       0.000938
      96.338000      25.041835      25.041355       0.000480
      96.405000      26.322878      26.323780      -0.000902
      96.475000      27.830931      27.830847       0.000084
      96.533000      29.231105      29.231497      -0.000392
      96.588000      30.708506      30.707678       0.000828
      96.656000      32.766584      32.767058      -0.000474
      96.721000      35.242451      35.242464      -0.000013
      96.777000      37.447178      37.447272      -0.000094
      96.837000      40.118437      40.118008       0.000429
      96.908000      43.749247      43.749285      -0.000038
      96.973000      47.584151      47.582880       0.001271
      97.028000      51.246184      51.246512      -0.000328
      97.086000      55.567240      55.566677       0.000563
      97.155000      61.356017      61.356491      -0.000474
      97.223000      67.792092      67.791928       0.000164
      97.278000      73.542867      73.542717       0.000150
      97.337000      80.015120      80.014332       0.000788
      97.406000      88.569339      88.569651      -0.000312
      97.471000      97.270486      97.271232      -0.000746
      97.527000     105.210193     105.209666       0.000527
      97.581000     113.177915     113.178922      -0.001007
      97.654000     124.284016     124.284706      -0.000690
      97.724000     135.053450     135.052303       0.001147
      97.780000     143.542506     143.541820       0.000686
      97.836000     151.722056     151.722024       0.000032
      97.904000     160.964118     160.964002       0.000116
      97.974000     169.342440     169.342490      -0.000050
      98.030000     175.004728     175.004492       0.000236
      98.086000     179.621612     179.622388      -0.000776
      98.154000     183.808241     183.808433      -0.000192
      98.224000     186.640084     186.640198      -0.000114
      98.280000     188.087903     188.088713      -0.000810
      98.336000     189.145128     189.145143      -0.000015
      98.404000     190.461788     190.462391      -0.000603
      98.474000     192.694996     192.695401      -0.000405
      98.530000     195.873273     195.873941      -0.000668
      98.586000     201.106693     201.106312       0.000381
      98.654000     211.715154     211.714515       0.000639
      98.724000     229.300499     229.301863      -0.001364
      98.780000     249.992292     249.992319      -0.000027
      98.836000     277.915426     277.915389       0.000037
      98.904000     321.945208     321.944399       0.000809
      98.974000     377.772805     377.771719       0.001086
      99.030000     427.118796     427.119645      -0.000849
      99.086000     476.136099     476.135074       0.001025
      99.154000     526.805721     526.805343       0.000378
      99.224000     557.987084     557.987559      -0.000475
      99.280000     562.024030     562.024872      -0.000842
      99.334000     549.430018     549.429476       0.000542
      99.391000     523.472323     523.473042      -0.000719
      99.457000     484.491938     484.491429       0.000509
      99.530000     438.466874     438.467681      -0.000807
      99.584000     406.023422     406.024330      -0.000908
      99.643000     373.711373     373.710403       0.000970
      99.707000     342.710671     342.710936      -0.000265
      99.780000     311.738312     311.738703      -0.000391
      99.838000     289.577836     289.579315      -0.001479
      99.893000     269.910388     269.911120      -0.000732
      99.954000     249.182570     249.183749      -0.001179
     100.030000     224.615189     224.615805      -0.000616
     100.090000     206.167664     206.168202      -0.000538
     100.146000     189.772946     189.773666      -0.000720
     100.208000     172.653259     172.651920       0.001339
     100.280000     154.271479     154.271482      -0.000003
     100.342000     139.822757     139.823121      -0.000364
     100.399000     127.697273     127.697532      -0.000259
     100.460000     115.963414     115.963543      -0.000129
     100.531000     103.887742     103.887232       0.000510
     100.592000      94.800816      94.800614       0.000202
     100.649000      87.355810      87.354618       0.001192
     100.710000      80.451843      80.450919       0.000924
     100.781000      73.537626      73.538111      -0.000485
     100.842000      68.628249      68.627592       0.000657
     100.899000      64.758721      64.759675      -0.000954
     100.960000      61.318785      61.317554       0.001231
     101.031000      58.115466      58.115490      -0.000024
     101.092000      55.975660      55.976707      -0.001047
     101.149000      54.431629      54.432496      -0.000867
     101.210000      53.220630      53.220690      -0.000060
     101.281000      52.330628      52.329187       0.001441
     101.342000      51.974067      51.973674       0.000393
     101.399000      51.963965      51.963526       0.000439
     101.460000      52.285366      52.286378      -0.001012
     101.531000      53.089921      53.089522       0.000399
     101.592000      54.151588      54.150011       0.001577
     101.649000      55.460391      55.459713       0.000678
     101.710000      57.221111      57.220031       0.001080
     101.781000      59.769393      59.768383       0.001010
     101.842000      62.424129      62.425453      -0.001324
     101.899000      65.337203      65.338127      -0.000924
     101.960000      68.965230      68.964288       0.000942
     102.031000      73.920866      73.920786       0.000080
     102.095000      79.141308      79.140586       0.000722
     102.153000      84.545828      84.547288      -0.001460
     102.212000      90.753373      90.752850       0.000523
     102.280000      98.835125      98.835759      -0.000634
     102.342000     107.002933     107.002230       0.000703
     102.403000     115.975012     115.976272      -0.001260
     102.464000     125.758208     125.759673      -0.001465
     102.529000     137.013291     137.013459      -0.000168
     102.592000     148.636405     148.636426      -0.000021
     102.653000     160.412466     160.413576      -0.001110
     102.715000     172.714716     172.714035       0.000681
     102.778000     185.287492     185.288639      -0.001147
     102.839000     197.222495     197.221570       0.000925
     102.902000     208.904502     208.905382      -0.000880
     102.962000     219.032105     219.031597       0.000508
     103.028000     228.558057     228.557806       0.000251
     103.091000     235.608879     235.608348       0.000531
     103.156000     240.370285     240.368622       0.001663
     103.221000     242.266755     242.267749      -0.000994
     103.278000     241.440931     241.439978       0.000953
     103.341000     237.839641     237.838985       0.000656
     103.406000     231.358088     231.356788       0.001300
     103.471000     222.451671     222.452604      -0.000933
     103.528000     213.024930     213.024899       0.000031
     103.591000     201.318737     201.319594      -0.000857
     103.656000     188.468194     188.469287      -0.001093
     103.721000     174.780089     174.780142      -0.000053
     103.778000     162.961425     162.960422       0.001003
     103.841000     150.141395     150.141618      -0.000223
     103.906000     137.430507     137.430342       0.000165
     103.971000     125.563263     125.561801       0.001462
     104.028000     115.736159     115.735045       0.001114
     104.091000     105.703303     105.702441       0.000862
     104.156000      96.316981      96.315865       0.001116
     104.221000      87.924108      87.924558      -0.000450
     104.278000      80.994948      80.995564      -0.000616
     104.341000      74.639004      74.640675      -0.001671
     104.406000      69.008541      69.008320       0.000221
     104.471000      64.265466      64.264483       0.000983
     104.528000      60.794871      60.794394       0.000477
     104.591000      57.655464      57.656560      -0.001096
     104.656000      55.132516      55.131483       0.001033
     104.721000      53.387156      53.388202      -0.001046
     104.779000      52.235601      52.236558      -0.000957
     104.840000      51.497447      51.496972       0.000475
     104.903000      51.193802      51.192687       0.001115
     104.967000      51.312458      51.311053       0.001405
     105.029000      51.789655      51.788413       0.001242
     105.092000      52.591567      52.590934       0.000633
     105.155000      53.662367      53.662779      -0.000412
     105.218000      54.950164      54.950236      -0.000072
     105.278000      56.322025      56.321864       0.000161
     105.342000      57.876101      57.875303       0.000798
     105.407000      59.468622      59.468371       0.000251
     105.467000      60.874443      60.874530      -0.000087
     105.529000      62.178936      62.180268      -0.001332
     105.595000      63.311906      63.313451      -0.001545
     105.657000      64.064377      64.063561       0.000816
     105.718000      64.453329      64.454182      -0.000853
     105.793000      64.434523      64.433985       0.000538
     105.852000      64.044912      64.045852      -0.000940
     105.907000      63.424094      63.424327      -0.000233
     105.968000      62.501780      62.500406       0.001374
     106.043000      61.130446      61.130707      -0.000261
     106.102000      59.956655      59.957081      -0.000426
     106.157000      58.847166      58.846619       0.000547
     106.218000      57.650635      57.649464       0.001171
     106.293000      56.291727      56.291903      -0.000176
     106.352000      55.348917      55.348469       0.000448
     106.407000      54.583920      54.584468      -0.000548
     106.468000      53.842342      53.841685       0.000657
     106.543000      53.155079      53.156363      -0.001284
     106.602000      52.745583      52.745589      -0.000006
     106.657000      52.442615      52.441962       0.000653
     106.718000      52.162826      52.163078      -0.000252
     106.793000      51.846533      51.846082       0.000451
     106.852000      51.568864      51.569210      -0.000346
     106.907000      51.254195      51.255286      -0.001091
     106.968000      51.401574      51.400043       0.001531
     107.043000      50.723685      50.724388      -0.000703
     107.102000      50.073932      50.072892       0.001040
     107.157000      49.381311      49.381735      -0.000424
     107.218000      48.542481      48.543789      -0.001308
     107.293000      47.454418      47.455634      -0.001216
     107.352000      46.594792      46.593517       0.001275
     107.407000      45.814887      45.813752       0.001135
     107.468000      45.002987      45.003157      -0.000170
     107.524000      44.329727      44.330936      -0.001209
     107.593000      43.624730      43.623927       0.000803
     107.655000      43.123162      43.124187      -0.001025
     107.714000      42.783602      42.784048      -0.000446
     107.776000      42.585109      42.584039       0.001070
     107.842000      42.563734      42.563783      -0.000049
     107.902000      42.732888      42.731907       0.000981
     107.963000      43.097979      43.098439      -0.000460
     108.026000      43.699644      43.699152       0.000492
     108.087000      44.511355      44.511412      -0.000057
     108.148000      45.569266      45.567856       0.001410
     108.211000      46.933960      46.935341      -0.001381
     108.276000      48.666378      48.665585       0.000793
     108.339000      50.679717      50.679185       0.000532
     108.409000      53.341465      53.341192       0.000273
     108.476000      56.347118      56.347521      -0.000403
     108.542000      59.789171      59.789471      -0.000300
     108.609000      63.815332      63.816262      -0.000930
     108.676000      68.422469      68.423842      -0.001373
     108.742000      73.577045      73.575490       0.001555
     108.809000      79.471514      79.470208       0.001306
     108.872000      85.653377      85.654843      -0.001466
     108.926000      91.472603      91.472914      -0.000311
     108.992000      99.247912      99.246544       0.001368
     109.059000     107.896643     107.895708       0.000935
     109.122000     116.721947     116.720061       0.001886
     109.176000     124.811618     124.812222      -0.000604
     109.242000     135.340885     135.340968      -0.000083
     109.309000     146.714535     146.714672      -0.000137
     109.372000     157.983552     157.984801      -0.001249
     109.426000     168.041622     168.041245       0.000377
     109.492000     180.736168     180.735284       0.000884
     109.559000     193.934440     193.934641      -0.000201
     109.622000     206.443558     206.444620      -0.001062
     109.676000     217.071263     217.070569       0.000694
     109.742000     229.664098     229.664464      -0.000366
     109.809000     241.651365     241.649969       0.001396
     109.872000     251.818590     251.818111       0.000479
     109.926000     259.420680     259.421390      -0.000710
     109.992000     267.045823     267.044880       0.000943
     110.059000     272.694772     272.694992      -0.000220
     110.122000     276.026979     276.026317       0.000662
     110.176000     277.406845     277.405645       0.001200
     110.244000     277.409907     277.409464       0.000443
     110.311000     275.835134     275.834624       0.000510
     110.372000     273.376953     273.375771       0.001182
     110.426000     270.616121     270.616627      -0.000506
     110.494000     266.640171     266.639868       0.000303
     110.559000     262.533268     262.534466      -0.001198
     110.617000     258.739650     258.739605       0.000045
     110.674000     254.930006     254.929676       0.000330
     110.744000     250.123552     250.123276       0.000276
     110.805000     245.753476     245.753121       0.000355
     110.864000     241.280279     241.280942      -0.000663
     110.923000     236.490681     236.491925      -0.001244
     110.995000     230.140277     230.141053      -0.000776
     111.059000     224.032449     224.033588      -0.001139
     111.112000     218.703504     218.704360      -0.000856
     111.172000     213.038899     213.038434       0.000465
     111.244000     205.644221     205.643321       0.000900
     111.306000     199.681697     199.682289      -0.000592
     111.362000     195.007368     195.007707      -0.000339
     111.422000     191.276265     191.276258       0.000007
     111.494000     189.626973     189.625717       0.001256
     111.556000     192.032488     192.031962       0.000526
     111.612000     198.647439     198.648696      -0.001257
     111.672000     212.163339     212.163027       0.000312
     111.744000     239.907035     239.907970      -0.000935
     111.806000     276.153566     276.152690       0.000876
     111.862000     319.854567     319.854774      -0.000207
     111.922000     378.222905     378.222667       0.000238
     111.994000     461.374850     461.375959      -0.001109
     112.056000     539.220132     539.220969      -0.000837
     112.112000     608.082228     608.082570      -0.000342
     112.172000     671.778111     671.777881       0.000230
     112.244000     720.801387     720.800389       0.000998
     112.306000     729.821621     729.820009       0.001612
     112.362000     710.463584     710.463484       0.000100
     112.422000     666.265762     666.265812      -0.000050
     112.494000     594.385060     594.386838      -0.001778
     112.556000     527.622598     527.624397      -0.001799
     112.612000     470.480075     470.478694       0.001381
     112.672000     417.178611     417.179868      -0.001257
     112.744000     367.380386     367.380730      -0.000344
     112.807000     336.943197     336.943945      -0.000748
     112.862000     319.346351     319.345081       0.001270
     112.921000     307.997777     307.998763      -0.000986
     112.982000     302.250949     302.250196       0.000753
     113.037000     300.422226     300.422081       0.000145
     113.097000     300.326358     300.327033      -0.000675
     113.160000     300.884067     300.883728       0.000339
     113.221000     301.055044     301.054680       0.000364
     113.285000     300.193081     300.191848       0.001233
     113.348000     298.015865     298.014735       0.001130
     113.410000     294.575677     294.574286       0.001391
     113.471000     290.091146     290.091017       0.000129
     113.534000     284.559161     284.559801      -0.000640
     113.598000     278.290782     278.288851       0.001931
     113.662000     271.636151     271.636639      -0.000488
     113.722000     265.269516     265.269020       0.000496
     113.784000     258.697143     258.697582      -0.000439
     113.851000     251.775553     251.774417       0.001136
     113.920000     244.895843     244.896893      -0.001050
     113.976000     239.524719     239.525027      -0.000308
     114.034000     234.157892     234.157145       0.000747
     114.101000     228.073680     228.074120      -0.000440
     114.170000     222.192343     222.192127       0.000216
     114.226000     217.630584     217.629319       0.001265
     114.284000     213.135218     213.133635       0.001583
     114.351000     208.305554     208.305924      -0.000370
     114.420000     203.855479     203.857230      -0.001751
     114.476000     200.728633     200.730323      -0.001690
     114.534000     198.031094     198.032259      -0.001165
     114.601000     195.700569     195.700039       0.000530
     114.670000     194.278966     194.278304       0.000662
     114.726000     193.912976     193.913871      -0.000895
     114.784000     194.319980     194.319796       0.000184
     114.851000     195.807127     195.807967      -0.000840
     114.920000     198.491526     198.491891      -0.000365
     114.976000     201.521177     201.519710       0.001467
     115.034000     205.436478     205.436246       0.000232
     115.101000     210.903587     210.903580       0.000007
     115.170000     217.510338     217.510547      -0.000209
     115.226000     223.529945     223.529821       0.000124
     115.284000     230.315463     230.315855      -0.000392
     115.351000     238.765080     238.765661      -0.000581
     115.420000     248.048181     248.048866      -0.000685
     115.476000     255.966867     255.966188       0.000679
     115.537000     264.975192     264.975346      -0.000154
     115.601000     274.887682     274.888388      -0.000706
     115.667000     285.697686     285.697904      -0.000218
     115.721000     294.811489     294.812796      -0.001307
     115.776000     305.052722     305.052743      -0.000021
     115.837000     317.398206     317.398803      -0.000597
     115.895000     330.360099     330.360773      -0.000674
     115.952000     344.595481     344.595974      -0.000493
     116.016000     362.877344     362.876848       0.000496
     116.074000     382.192440     382.192892      -0.000452
     116.137000     407.091022     407.089687       0.001335
     116.199000     436.755885     436.754634       0.001251
     116.265000     475.541057     475.539455       0.001602
     116.324000     517.773981     517.773498       0.000483
     116.389000     573.645828     573.646279      -0.000451
     116.453000     638.557742     638.558155      -0.000413
     116.509000     702.547679     702.546896       0.000783
     116.570000     777.686563     777.686269       0.000294
     116.638000     863.208503     863.207302       0.001201
     116.705000     941.465101     941.465379      -0.000278
     116.770000    1002.067498    1002.068401      -0.000903
     116.838000    1038.192717    1038.191440       0.001277
     116.900000    1039.815672    1039.814614       0.001058
     116.955000    1014.967871    1014.968192      -0.000321
     117.020000     958.713146     958.711889       0.001257
     117.088000     878.316615     878.317013      -0.000398
     117.150000     795.563049     795.562647       0.000402
     117.205000     720.814329     720.815489      -0.001160
     117.270000     636.306176     636.306356      -0.000180
     117.338000     556.687801     556.686767       0.001034
     117.400000     493.822728     493.823744      -0.001016
     117.455000     446.181862     446.181452       0.000410
     117.520000     398.935838     398.935876      -0.000038
     117.588000     358.658115     358.659000      -0.000885
     117.650000     327.932309     327.932034       0.000275
     117.705000     305.384448     305.383609       0.000839
     117.770000     282.729480     282.730622      -0.001142
     117.838000     262.754590     262.754477       0.000113
     117.900000     247.254959     247.256040      -0.001081
     117.955000     235.391907     235.391714       0.000193
     118.020000     223.447916     223.447562       0.000354
     118.088000     213.204268     213.204032       0.000236
     118.150000     205.785457     205.784356       0.001101
     118.205000     200.689020     200.688841       0.000179
     118.267000     196.590155     196.590664      -0.000509
     118.325000     194.298747     194.298647       0.000100
     118.390000     193.476250     193.477186      -0.000936
     118.454000     194.433309     194.433854      -0.000545
     118.517000     197.058724     197.058196       0.000528
     118.576000     201.012944     201.013045      -0.000101
     118.641000     207.017834     207.017195       0.000639
     118.704000     214.457648     214.457402       0.000246
     118.765000     223.156385     223.155997       0.000388
     118.826000     233.294125     233.295408      -0.001283
     118.892000     245.845598     245.846315      -0.000717
     118.952000     258.632969     258.633844      -0.000875
     119.015000     273.408309     273.407727       0.000582
     119.077000     289.208913     289.208504       0.000409
     119.142000     306.998065     306.998538      -0.000473
     119.198000     323.216518     323.214997       0.001521
     119.263000     342.898218     342.897605       0.000613
     119.328000     363.290930     363.291791      -0.000861
     119.396000     385.109177     385.109952      -0.000775
     119.463000     406.785878     406.787117      -0.001239
     119.528000     427.692210     427.691486       0.000724
     119.596000     449.123253     449.123236       0.000017
     119.663000     469.520655     469.521775      -0.001120
     119.716000     484.983746     484.983548       0.000198
     119.778000     502.156752     502.156466       0.000286
     119.846000     519.673475     519.673018       0.000457
     119.913000     535.326324     535.327328      -0.001004
     119.966000     546.544639     546.545530      -0.000891
     120.028000     558.146136     558.147507      -0.001371
     120.096000     568.750863     568.750547       0.000316
     120.163000     576.739472     576.738455       0.001017
     120.216000     580.940965     580.941470      -0.000505
     120.278000     583.615098     583.616199      -0.001101
     120.346000     583.219448     583.218406       0.001042
     120.413000     579.153779     579.154700      -0.000921
     120.466000     573.236462     573.235656       0.000806
     120.528000     563.270113     563.270776      -0.000663
     120.596000     548.685034     548.685133      -0.000099
     120.663000     530.896667     530.896173       0.000494
     120.716000     514.716979     514.717222      -0.000243
     120.778000     493.847603     493.848488      -0.000885
     120.846000     469.102291     469.103319      -0.001028
     120.913000     443.451428     443.452513      -0.001085
     120.966000     422.662171     422.662771      -0.000600
     121.026000     398.967597     398.967426       0.000171
     121.091000     373.481775     373.481893      -0.000118
     121.146000     352.327540     352.328038      -0.000498
     121.199000     332.479158     332.478131       0.001027
     121.266000     308.339779     308.340903      -0.001124
     121.329000     286.777052     286.776696       0.000356
     121.392000     266.435812     266.435586       0.000226
     121.449000     249.150005     249.149742       0.000263
     121.516000     230.241028     230.240869       0.000159
     121.576000     214.615298     214.615116       0.000182
     121.640000     199.305568     199.304793       0.000775
     121.699000     186.417004     186.417001       0.000003
     121.768000     172.787535     172.788266      -0.000731
     121.830000     161.812383     161.813482      -0.001099
     121.892000     151.982949     151.983304      -0.000355
     121.946000     144.299058     144.298539       0.000519
     122.019000     135.111283     135.111258       0.000025
     122.083000     128.101342     128.102175      -0.000833
     122.142000     122.419448     122.419052       0.000396
     122.196000     117.806777     117.807518      -0.000741
     122.269000     112.359009     112.358026       0.000983
     122.333000     108.219010     108.219492      -0.000482
     122.392000     104.841935     104.841579       0.000356
     122.446000     102.052703     102.051846       0.000857
     122.519000      98.635340      98.635754      -0.000414
     122.583000      95.886632      95.886352       0.000280
     122.642000      92.949430      92.950358      -0.000928
     122.696000      90.826341      90.826759      -0.000418
     122.769000      88.000126      88.000094       0.000032
     122.833000      85.527183      85.526101       0.001082
     122.892000      83.228282      83.228498      -0.000216
     122.946000      81.106074      81.106734      -0.000660
     123.019000      78.214315      78.214778      -0.000463
     123.083000      75.669733      75.669896      -0.000163
     123.142000      73.294531      73.293374       0.001157
     123.196000      71.170858      71.171240      -0.000382
     123.269000      68.351704      68.352302      -0.000598
     123.333000      65.947525      65.947214       0.000311
     123.392000      63.799033      63.798729       0.000304
     123.446000      61.900203      61.899449       0.000754
     123.519000      59.445765      59.445103       0.000662
     123.583000      57.409349      57.409410      -0.000061
     123.642000      55.634320      55.634334      -0.000014
     123.696000      54.099560      54.098277       0.001283
     123.769000      52.158089      52.158538      -0.000449
     123.833000      50.587982      50.588882      -0.000900
     123.892000      49.251106      49.250432       0.000674
     123.944000      48.156544      48.156664      -0.000120
     124.019000      46.718822      46.718546       0.000276
     124.080000      45.668160      45.667939       0.000221
     124.136000      44.796124      44.795403       0.000721
     124.194000      43.982711      43.981747       0.000964
     124.264000      43.119204      43.118457       0.000747
     124.326000      42.459853      42.458650       0.001203
     124.383000      41.935309      41.935679      -0.000370
     124.444000      41.461512      41.462301      -0.000789
     124.516000      41.015001      41.014412       0.000589
     124.570000      40.754875      40.754818       0.000057
     124.627000      40.530092      40.530078       0.000014
     124.692000      40.383138      40.382020       0.001118
     124.770000      40.323582      40.322968       0.000614
     124.842000      40.382111      40.382629      -0.000518
     124.920000      40.572148      40.572608      -0.000460
     124.992000      40.866550      40.866516       0.000034
     125.070000      41.318072      41.319335      -0.001263
     125.127000      41.742978      41.743349      -0.000371
     125.192000      42.329748      42.328953       0.000795
     125.270000      43.187746      43.186723       0.001023
     125.342000      44.142071      44.142136      -0.000065
     125.420000      45.372990      45.374057      -0.001067
     125.492000      46.712011      46.712807      -0.000796
     125.570000      48.408879      48.408244       0.000635
     125.627000      49.824964      49.825781      -0.000817
     125.692000      51.646939      51.645776       0.001163
     125.770000      54.146751      54.146899      -0.000148
     125.842000      56.794905      56.795898      -0.000993
     125.920000      60.077785      60.077398       0.000387
     125.992000      63.526238      63.525637       0.000601
     126.070000      67.764443      67.763203       0.001240
     126.127000      71.218232      71.217768       0.000464
     126.192000      75.553787      75.554625      -0.000838
     126.270000      81.358766      81.358523       0.000243
     126.342000      87.334450      87.334565      -0.000115
     126.420000      94.522438      94.522818      -0.000380
     126.492000     101.849466     101.848956       0.000510
     126.570000     110.565599     110.566407      -0.000808
     126.627000     117.462848     117.462229       0.000619
     126.692000     125.875488     125.874469       0.001019
     126.770000     136.740286     136.741606      -0.001320
     126.842000     147.505327     147.504839       0.000488
     126.920000     159.923618     159.925004      -0.001386
     126.993000     172.207461     172.208498      -0.001037
     127.072000     186.131639     186.130757       0.000882
     127.133000     197.246349     197.246512      -0.000163
     127.193000     208.406755     208.407302      -0.000547
     127.258000     220.646554     220.646011       0.000543
     127.340000     236.094904     236.094127       0.000777
     127.440000     254.493792     254.493378       0.000414
     127.540000     271.810500     271.810562      -0.000062
     127.615000     283.668673     283.668184       0.000489
     127.690000     294.243657     294.242807       0.000850
     127.790000     305.955320     305.956355      -0.001035
     127.865000     312.730411     312.730005       0.000406
     127.940000     317.658981     317.658809       0.000172
     128.015000     320.720727     320.721528      -0.000801
     128.065000     321.733106     321.732293       0.000813
     128.140000     321.752896     321.752131       0.000765
     128.240000     319.161871     319.162669      -0.000798
     128.315000     315.452462     315.451532       0.000930
     128.390000     310.432449     310.432344       0.000105
     128.490000     301.903778     301.904447      -0.000669
     128.565000     294.753240     294.752330       0.000910
     128.640000     287.111145     287.109785       0.001360
     128.740000     276.579828     276.579791       0.000037
     128.815000     268.704907     268.703973       0.000934
     128.890000     261.035913     261.036153      -0.000240
     128.990000     251.328817     251.328861      -0.000044
     129.065000     244.508372     244.507457       0.000915
     129.140000     238.080849     238.081244      -0.000395
     129.240000     230.026077     230.027171      -0.001094
     129.315000     224.242863     224.242943      -0.000080
     129.390000     218.538266     218.538004       0.000262
     129.490000     210.798423     210.797664       0.000759
     129.565000     204.711816     204.712437      -0.000621
     129.640000     198.155593     198.155691      -0.000098
     129.740000     188.884704     188.884368       0.000336
     129.815000     181.402096     181.401429       0.000667
     129.890000     173.508656     173.509156      -0.000500
