   33.528000    271.820566
   33.582000    272.016657
   33.656000    272.282922
   33.720000    272.510928
   33.778000    272.715739
   33.832000    272.904876
   33.906000    273.161646
   33.970000    273.381470
   34.028000    273.578891
   34.082000    273.761168
   34.156000    274.008569
   34.220000    274.220321
   34.278000    274.410451
   34.332000    274.585960
   34.406000    274.824120
   34.470000    275.027909
   34.528000    275.210847
   34.582000    275.379681
   34.641000    275.562514
   34.707000    275.765023
   34.769000    275.953325
   34.830000    276.136771
   34.891000    276.318416
   34.957000    276.512930
   35.018000    276.690848
   35.081000    276.872730
   35.140000    277.041347
   35.205000    277.225196
   35.265000    277.393126
   35.330000    277.573133
   35.391000    277.740256
   35.453000    277.908330
   35.515000    278.074609
   35.576000    278.236461
   35.639000    278.401807
   35.703000    278.567899
   35.767000    278.732105
   35.839000    278.914591
   35.903000    279.074812
   35.967000    279.233168
   36.032000    279.392097
   36.089000    279.529894
   36.153000    279.682870
   36.217000    279.834007
   36.282000    279.985632
   36.339000    280.117046
   36.403000    280.262880
   36.467000    280.406902
   36.532000    280.551327
   36.589000    280.676450
   36.653000    280.815245
   36.717000    280.952255
   36.782000    281.089585
   36.839000    281.208508
   36.903000    281.340367
   36.967000    281.470467
   37.032000    281.600805
   37.089000    281.713620
   37.153000    281.838644
   37.217000    281.961935
   37.288000    282.096690
   37.343000    282.199623
   37.404000    282.312305
   37.467000    282.427053
   37.534000    282.547278
   37.596000    282.656876
   37.656000    282.761431
   37.717000    282.866213
   37.781000    282.974512
   37.842000    283.076181
   37.906000    283.181225
   37.967000    283.279804
   38.030000    283.380041
   38.093000    283.478685
   38.159000    283.580325
   38.218000    283.669716
   38.279000    283.760685
   38.344000    283.856000
   38.408000    283.948224
   38.464000    284.027603
   38.529000    284.118202
   38.594000    284.207157
   38.658000    284.293143
   38.714000    284.367083
   38.779000    284.451394
   38.844000    284.534086
   38.908000    284.613931
   38.964000    284.682518
   39.029000    284.760639
   39.094000    284.837166
   39.158000    284.910965
   39.214000    284.974282
   39.279000    285.046310
   39.344000    285.116769
   39.408000    285.184619
   39.464000    285.242749
   39.529000    285.308780
   39.594000    285.373268
   39.658000    285.435262
   39.714000    285.488289
   39.779000    285.548418
   39.844000    285.607030
   39.908000    285.663262
   39.963000    285.710420
   40.024000    285.761465
   40.078000    285.805555
   40.133000    285.849404
   40.188000    285.892191
   40.246000    285.936166
   40.308000    285.981876
   40.363000    286.021308
   40.417000    286.059005
   40.472000    286.096367
   40.534000    286.137239
   40.598000    286.178050
   40.657000    286.214437
   40.712000    286.247294
   40.773000    286.282540
   40.827000    286.312696
   40.887000    286.345056
   40.947000    286.376213
   41.000000    286.402740
   41.062000    286.432589
   41.120000    286.459364
   41.174000    286.483299
   41.237000    286.510015
   41.299000    286.535044
   41.352000    286.555450
   41.412000    286.577455
   41.470000    286.597623
   41.537000    286.619577
   41.602000    286.639506
   41.662000    286.656709
   41.720000    286.672255
   41.787000    286.688893
   41.852000    286.703688
   41.912000    286.716172
   41.970000    286.727176
   42.037000    286.738590
   42.102000    286.748340
   42.162000    286.756188
   42.220000    286.762729
   42.287000    286.769010
   42.352000    286.773804
   42.412000    286.777098
   42.470000    286.779254
   42.537000    286.780494
   42.602000    286.780419
   42.662000    286.779240
   42.725000    286.776859
   42.788000    286.773313
   42.852000    286.768523
   42.916000    286.762542
   42.977000    286.755737
   43.041000    286.747445
   43.102000    286.738448
   43.164000    286.728215
   43.227000    286.716698
   43.291000    286.703848
   43.351000    286.690754
   43.415000    286.675675
   43.479000    286.659453
   43.542000    286.642374
   43.601000    286.625384
   43.664000    286.606186
   43.731000    286.584577
   43.797000    286.562095
   43.856000    286.540998
   43.914000    286.519343
   43.981000    286.493203
   44.047000    286.466280
   44.106000    286.441233
   44.164000    286.415711
   44.231000    286.385127
   44.297000    286.353849
   44.356000    286.324926
   44.414000    286.295613
   44.481000    286.260669
   44.547000    286.225119
   44.606000    286.192396
   44.664000    286.159365
   44.731000    286.120147
   44.797000    286.080408
   44.856000    286.043960
   44.914000    286.007283
   44.981000    285.963875
   45.047000    285.920031
   45.106000    285.879930
   45.164000    285.839680
   45.231000    285.792165
   45.297000    285.744297
   45.356000    285.700619
   45.412000    285.658389
   45.471000    285.613088
   45.534000    285.563804
   45.595000    285.515192
   45.648000    285.472246
   45.705000    285.425325
   45.765000    285.375117
   45.820000    285.328361
   45.875000    285.280908
   45.929000    285.233642
   45.983000    285.185710
   46.046000    285.128952
   46.103000    285.076825
   46.166000    285.018361
   46.228000    284.959958
   46.287000    284.903586
   46.343000    284.849366
   46.417000    284.776659
   46.481000    284.712810
   46.542000    284.651122
   46.601000    284.590691
   46.667000    284.522200
   46.731000    284.454893
   46.792000    284.389928
   46.851000    284.326342
   46.917000    284.254343
   46.981000    284.183654
   47.042000    284.115483
   47.101000    284.048813
   47.167000    283.973383
   47.231000    283.899386
   47.292000    283.828080
   47.351000    283.758394
   47.417000    283.679609
   47.481000    283.602378
   47.542000    283.528008
   47.601000    283.455374
   47.667000    283.373310
   47.731000    283.292919
   47.792000    283.215553
   47.851000    283.140039
   47.917000    283.054772
   47.981000    282.971292
   48.042000    282.891001
   48.103000    282.810007
   48.166000    282.725622
   48.228000    282.641853
   48.287000    282.561475
   48.346000    282.480453
   48.414000    282.386280
   48.477000    282.298279
   48.539000    282.210972
   48.597000    282.128670
   48.664000    282.032847
   48.727000    281.942016
   48.787000    281.854858
   48.846000    281.768535
   48.911000    281.672729
   48.974000    281.579171
   49.044000    281.474414
   49.103000    281.385467
   49.162000    281.295927
   49.227000    281.196599
   49.294000    281.093471
   49.353000    281.002035
   49.412000    280.910022
   49.477000    280.807987
   49.544000    280.702087
   49.603000    280.608227
   49.662000    280.513805
   49.727000    280.409132
   49.794000    280.300532
   49.853000    280.204310
   49.912000    280.107540
   49.977000    280.000298
   50.044000    279.889070
   50.103000    279.790548
   50.162000    279.691493
   50.227000    279.581751
   50.294000    279.467963
   50.353000    279.367204
   50.412000    279.265926
   50.477000    279.153751
   50.544000    279.037473
   50.603000    278.934537
   50.662000    278.831097
   50.727000    278.716556
   50.794000    278.597858
   50.850000    278.498160
   50.906000    278.398019
   50.960000    278.301038
   51.016000    278.200037
   51.070000    278.102232
   51.126000    278.000382
   51.192000    277.879794
   51.252000    277.769657
   51.307000    277.668273
   51.360000    277.570193
   51.416000    277.466155
   51.477000    277.352359
   51.540000    277.234319
   51.602000    277.117651
   51.658000    277.011846
   51.712000    276.909440
   51.762000    276.814289
   51.815000    276.713083
   51.872000    276.603846
   51.939000    276.474927
   52.003000    276.351262
   52.060000    276.240700
   52.122000    276.119990
   52.189000    275.989024
   52.253000    275.863420
   52.310000    275.751144
   52.372000    275.628585
   52.439000    275.495637
   52.503000    275.368155
   52.560000    275.254221
   52.622000    275.129871
   52.689000    274.995005
   52.753000    274.865708
   52.810000    274.750169
   52.872000    274.624089
   52.939000    274.487368
   53.003000    274.356316
   53.060000    274.239227
   53.122000    274.111474
   53.189000    273.972962
   53.253000    273.840214
   53.310000    273.721628
   53.372000    273.592261
   53.439000    273.452020
   53.503000    273.317637
   53.557000    273.203932
   53.611000    273.089938
   53.666000    272.973538
   53.726000    272.846221
   53.789000    272.712163
   53.849000    272.584135
   53.909000    272.455766
   53.969000    272.327058
   54.027000    272.202322
   54.089000    272.068641
   54.158000    271.919453
   54.221000    271.782862
   54.280000    271.654622
   54.340000    271.523891
   54.408000    271.375348
   54.475000    271.228596
   54.538000    271.090254
   54.595000    270.964797
   54.660000    270.821398
   54.725000    270.677647
   54.788000    270.537987
   54.845000    270.411349
   54.910000    270.266617
   54.975000    270.121549
   55.038000    269.980626
   55.095000    269.852858
   55.160000    269.706851
   55.225000    269.560521
   55.288000    269.418390
   55.345000    269.289541
   55.410000    269.142314
   55.475000    268.994780
   55.538000    268.851494
   55.595000    268.721612
   55.660000    268.573221
   55.725000    268.424537
   55.788000    268.280151
   55.845000    268.149284
   55.910000    267.999785
   55.975000    267.850006
   56.038000    267.704572
   56.095000    267.572768
   56.160000    267.422214
   56.222000    267.278361
   56.278000    267.148224
   56.333000    267.020223
   56.388000    266.892040
   56.442000    266.766012
   56.498000    266.635133
   56.557000    266.497045
   56.613000    266.365793
   56.671000    266.229665
   56.734000    266.081589
   56.792000    265.945070
   56.847000    265.815443
   56.905000    265.678569
   56.968000    265.529692
   57.028000    265.387712
   57.083000    265.257401
   57.138000    265.126936
   57.204000    264.970177
   57.258000    264.841761
   57.319000    264.696527
   57.387000    264.534417
   57.454000    264.374478
   57.508000    264.245421
   57.569000    264.099475
   57.637000    263.936585
   57.704000    263.775892
   57.758000    263.646237
   57.819000    263.499627
   57.887000    263.336010
   57.954000    263.174614
   58.008000    263.044404
   58.069000    262.897176
   58.137000    262.732884
   58.204000    262.570837
   58.258000    262.440111
   58.319000    262.292312
   58.387000    262.127397
   58.454000    261.964750
   58.508000    261.833550
   58.569000    261.685226
   58.637000    261.519739
   58.704000    261.356542
   58.758000    261.224908
   58.819000    261.076105
   58.887000    260.910096
   58.951000    260.753731
   59.004000    260.624154
   59.060000    260.487158
   59.114000    260.354976
   59.172000    260.212918
   59.236000    260.056064
   59.296000    259.908922
   59.352000    259.771511
   59.409000    259.631571
   59.470000    259.481729
   59.529000    259.336721
   59.585000    259.199018
   59.647000    259.046486
   59.704000    258.906186
   59.757000    258.775675
   59.812000    258.640184
   59.861000    258.519427
   59.917000    258.381368
   59.985000    258.213653
   60.049000    258.055735
   60.106000    257.915035
   60.167000    257.764409
   60.235000    257.596435
   60.299000    257.438285
   60.356000    257.297389
   60.417000    257.146562
   60.485000    256.978376
   60.549000    256.820039
   60.606000    256.678985
   60.667000    256.527999
   60.735000    256.359648
   60.799000    256.201167
   60.856000    256.059994
   60.917000    255.908890
   60.985000    255.740420
   61.049000    255.581838
   61.106000    255.440584
   61.167000    255.289403
   61.235000    255.120859
   61.299000    254.962218
   61.356000    254.820922
   61.417000    254.669705
   61.485000    254.501131
   61.549000    254.342474
   61.609000    254.193735
   61.668000    254.047479
   61.733000    253.886357
   61.797000    253.727724
   61.859000    253.574061
   61.921000    253.420413
   61.983000    253.266781
   62.046000    253.110692
   62.110000    252.952148
   62.171000    252.801060
   62.230000    252.654950
   62.294000    252.496488
   62.360000    252.333109
   62.423000    252.177192
   62.484000    252.026260
   62.544000    251.877840
   62.613000    251.707204
   62.676000    251.551453
   62.732000    251.413048
   62.795000    251.257389
   62.863000    251.089434
   62.926000    250.933886
   62.982000    250.795669
   63.045000    250.640231
   63.113000    250.472526
   63.176000    250.317219
   63.232000    250.179224
   63.295000    250.024045
   63.363000    249.856630
   63.426000    249.701601
   63.482000    249.563862
   63.545000    249.408979
   63.613000    249.241895
   63.676000    249.087182
   63.732000    248.949731
   63.795000    248.795182
   63.863000    248.628468
   63.926000    248.474107
   63.976000    248.351666
   64.032000    248.214605
   64.088000    248.077621
   64.145000    247.938272
   64.213000    247.772142
   64.283000    247.601253
   64.338000    247.467076
   64.393000    247.332982
   64.454000    247.184360
   64.516000    247.033410
   64.583000    246.870412
   64.644000    246.722128
   64.706000    246.571528
   64.767000    246.423473
   64.831000    246.268261
   64.894000    246.115603
   64.956000    245.965494
   65.018000    245.815512
   65.080000    245.665659
   65.144000    245.511109
   65.210000    245.351878
   65.270000    245.207256
   65.329000    245.065170
   65.392000    244.913589
   65.460000    244.750143
   65.520000    244.606069
   65.579000    244.464529
   65.642000    244.313540
   65.710000    244.150741
   65.770000    244.007247
   65.829000    243.866284
   65.892000    243.715919
   65.960000    243.553804
   66.020000    243.410920
   66.079000    243.270565
   66.142000    243.120857
   66.210000    242.959460
   66.270000    242.817217
   66.329000    242.677500
   66.392000    242.528482
   66.460000    242.367837
   66.520000    242.226266
   66.579000    242.087216
   66.642000    241.938918
   66.710000    241.779060
   66.770000    241.638190
   66.829000    241.499838
   66.892000    241.352291
   66.960000    241.193253
   67.016000    241.062451
   67.075000    240.924812
   67.143000    240.766395
   67.207000    240.617511
   67.269000    240.473480
   67.327000    240.338922
   67.392000    240.188333
   67.458000    240.035656
   67.519000    239.894752
   67.577000    239.760962
   67.638000    239.620449
   67.707000    239.461753
   67.769000    239.319380
   67.828000    239.184095
   67.891000    239.039853
   67.957000    238.888983
   68.026000    238.731521
   68.084000    238.599373
   68.141000    238.469692
   68.210000    238.312965
   68.276000    238.163313
   68.334000    238.032014
   68.391000    237.903174
   68.460000    237.747472
   68.526000    237.598808
   68.584000    237.468384
   68.641000    237.340410
   68.710000    237.185763
   68.776000    237.038117
   68.834000    236.908594
   68.891000    236.781510
   68.960000    236.627949
   69.026000    236.481349
   69.084000    236.352751
   69.141000    236.226583
   69.210000    236.074136
   69.276000    235.928611
   69.334000    235.800963
   69.391000    235.675734
   69.460000    235.524432
   69.526000    235.380008
   69.584000    235.253334
   69.643000    235.124711
   69.708000    234.983285
   69.772000    234.844319
   69.831000    234.716462
   69.893000    234.582366
   69.958000    234.442071
   70.021000    234.306377
   70.083000    234.173113
   70.143000    234.044408
   70.207000    233.907409
   70.271000    233.770705
   70.333000    233.638556
   70.394000    233.508813
   70.455000    233.379343
   70.519000    233.243800
   70.583000    233.108561
   70.639000    232.990478
   70.702000    232.857914
   70.769000    232.717262
   70.835000    232.579041
   70.894000    232.455760
   70.952000    232.334828
   71.019000    232.195452
   71.085000    232.058495
   71.144000    231.936350
   71.202000    231.816539
   71.269000    231.678465
   71.335000    231.542796
   71.394000    231.421808
   71.452000    231.303140
   71.519000    231.166391
   71.585000    231.032035
   71.644000    230.912225
   71.702000    230.794720
   71.769000    230.659321
   71.835000    230.526301
   71.894000    230.407690
   71.952000    230.291369
   72.019000    230.157344
   72.085000    230.025682
   72.144000    229.908292
   72.202000    229.793175
   72.269000    229.660545
   72.335000    229.530266
   72.388000    229.425914
   72.452000    229.300221
   72.516000    229.174878
   72.580000    229.049886
   72.640000    228.933025
   72.702000    228.812594
   72.765000    228.690562
   72.829000    228.566946
   72.890000    228.449456
   72.952000    228.330375
   73.010000    228.219281
   73.077000    228.091318
   73.139000    227.973258
   73.203000    227.851748
   73.263000    227.738163
   73.325000    227.621131
   73.390000    227.498806
   73.458000    227.371242
   73.525000    227.245962
   73.590000    227.124812
   73.658000    226.998481
   73.712000    226.898460
   73.775000    226.782107
   73.840000    226.662442
   73.908000    226.537672
   73.962000    226.438894
   74.025000    226.323995
   74.090000    226.205835
   74.158000    226.082645
   74.212000    225.985125
   74.275000    225.871699
   74.340000    225.755064
   74.408000    225.633473
   74.462000    225.537228
   74.525000    225.425292
   74.590000    225.310200
   74.658000    225.190228
   74.712000    225.095272
   74.775000    224.984845
   74.840000    224.871314
   74.908000    224.752980
   74.962000    224.659328
   75.025000    224.550427
   75.090000    224.438474
   75.145000    224.344067
   75.209000    224.234586
   75.273000    224.125507
   75.337000    224.016832
   75.396000    223.917006
   75.458000    223.812476
   75.520000    223.708327
   75.583000    223.602892
   75.646000    223.497852
   75.709000    223.393210
   75.768000    223.295573
   75.830000    223.193349
   75.895000    223.086594
   75.959000    222.981900
   76.013000    222.893887
   76.078000    222.788338
   76.145000    222.679992
   76.204000    222.584962
   76.263000    222.490288
   76.328000    222.386400
   76.395000    222.279770
   76.454000    222.186254
   76.513000    222.093098
   76.578000    221.990885
   76.645000    221.885986
   76.704000    221.793999
   76.763000    221.702374
   76.828000    221.601852
   76.895000    221.498700
   76.954000    221.408254
   77.013000    221.318174
   77.078000    221.219357
   77.145000    221.117966
   77.204000    221.029075
   77.263000    220.940552
   77.328000    220.843455
   77.395000    220.743840
   77.454000    220.656516
   77.513000    220.569564
   77.578000    220.474200
   77.645000    220.376375
   77.704000    220.290631
   77.764000    220.203817
   77.826000    220.114517
   77.890000    220.022772
   77.949000    219.938587
   78.014000    219.846278
   78.076000    219.758656
   78.139000    219.670050
   78.201000    219.583272
   78.263000    219.496914
   78.324000    219.412359
   78.387000    219.325459
   78.451000    219.237626
   78.515000    219.150244
   78.573000    219.071442
   78.637000    218.984920
   78.700000    218.900192
   78.759000    218.821241
   78.818000    218.742676
   78.885000    218.653926
   78.950000    218.568303
   79.009000    218.490990
   79.068000    218.414066
   79.135000    218.327183
   79.200000    218.243373
   79.259000    218.167709
   79.318000    218.092436
   79.385000    218.007430
   79.450000    217.925445
   79.509000    217.851439
   79.568000    217.777827
   79.635000    217.694710
   79.700000    217.614560
   79.759000    217.542222
   79.818000    217.470280
   79.885000    217.389063
   79.950000    217.310758
   80.009000    217.240098
   80.068000    217.169835
   80.135000    217.090527
   80.200000    217.014077
   80.259000    216.945104
   80.318000    216.876529
   80.385000    216.799141
   80.450000    216.724556
   80.512000    216.653866
   80.572000    216.585879
   80.636000    216.513817
   80.699000    216.443344
   80.762000    216.373329
   80.821000    216.308176
   80.883000    216.240146
   80.947000    216.170389
   81.012000    216.100029
   81.071000    216.036589
   81.129000    215.974619
   81.195000    215.904579
   81.263000    215.832949
   81.323000    215.770194
   81.378000    215.713038
   81.444000    215.644919
   81.515000    215.572209
   81.578000    215.508186
   81.633000    215.452675
   81.694000    215.391524
   81.765000    215.320899
   81.828000    215.258729
   81.883000    215.204836
   81.944000    215.145481
   82.015000    215.076949
   82.078000    215.016638
   82.133000    214.964370
   82.194000    214.906818
   82.265000    214.840387
   82.328000    214.781942
   82.383000    214.731304
   82.444000    214.675562
   82.515000    214.611239
   82.578000    214.554666
   82.633000    214.505663
   82.694000    214.451736
   82.765000    214.389528
   82.828000    214.334833
   82.883000    214.287471
   82.944000    214.235366
   83.015000    214.175279
   83.078000    214.122468
   83.133000    214.076752
   83.195000    214.025653
   83.263000    213.970138
   83.323000    213.921616
   83.383000    213.873526
   83.445000    213.824288
   83.514000    213.770035
   83.576000    213.721775
   83.634000    213.677047
   83.695000    213.630443
   83.764000    213.578268
   83.828000    213.530387
   83.887000    213.486686
   83.946000    213.443404
   84.014000    213.394043
   84.078000    213.348096
   84.133000    213.309006
   84.194000    213.266080
   84.265000    213.216685
   84.331000    213.171316
   84.388000    213.132559
   84.444000    213.094866
   84.515000    213.047624
   84.581000    213.004257
   84.638000    212.967230
   84.694000    212.931237
   84.765000    212.886152
   84.831000    212.844791
   84.888000    212.809497
   84.944000    212.775207
   85.015000    212.732282
   85.081000    212.692930
   85.138000    212.659372
   85.194000    212.626788
   85.265000    212.586027
   85.331000    212.548687
   85.388000    212.516867
   85.444000    212.485991
   85.515000    212.447396
   85.581000    212.412071
   85.638000    212.381992
   85.694000    212.352827
   85.765000    212.316400
   85.831000    212.283092
   85.888000    212.254755
   85.939000    212.229738
   85.998000    212.201193
   86.065000    212.169295
   86.129000    212.139338
   86.191000    212.110795
   86.249000    212.084521
   86.314000    212.055564
   86.379000    212.027126
   86.441000    212.000482
   86.499000    211.975983
   86.562000    211.949840
   86.627000    211.923377
   86.691000    211.897828
   86.750000    211.874719
   86.812000    211.850895
   86.879000    211.825680
   86.947000    211.800651
   87.012000    211.777257
   87.079000    211.753685
   87.147000    211.730325
   87.204000    211.711181
   87.262000    211.692109
   87.329000    211.670593
   87.397000    211.649318
   87.454000    211.631922
   87.512000    211.614630
   87.579000    211.595168
   87.647000    211.575979
   87.704000    211.560331
   87.762000    211.544818
   87.829000    211.527411
   87.897000    211.510308
   87.954000    211.496408
   88.012000    211.482673
   88.079000    211.467321
   88.147000    211.452302
   88.204000    211.440150
   88.262000    211.428193
   88.329000    211.414894
   88.397000    211.401960
   88.454000    211.391554
   88.512000    211.381374
   88.577000    211.370456
   88.641000    211.360211
   88.700000    211.351211
   88.762000    211.342212
   88.827000    211.333283
   88.891000    211.324998
   88.948000    211.318040
   89.013000    211.310591
   89.076000    211.303864
   89.137000    211.297813
   89.198000    211.292217
   89.264000    211.286675
   89.325000    211.282026
   89.384000    211.277962
   89.447000    211.274091
   89.509000    211.270756
   89.571000    211.267889
   89.633000    211.265491
   89.698000    211.263481
   89.771000    211.261837
   89.833000    211.260952
   89.898000    211.260526
   89.963000    211.260615
   90.021000    211.261128
   90.083000    211.262130
   90.148000    211.263682
   90.213000    211.265749
   90.271000    211.268026
   90.333000    211.270912
   90.398000    211.274440
   90.463000    211.278480
   90.521000    211.282518
   90.583000    211.287286
   90.648000    211.292785
   90.713000    211.298796
   90.771000    211.304592
   90.833000    211.311238
   90.898000    211.318705
   90.963000    211.326682
   91.021000    211.334232
   91.083000    211.342753
   91.148000    211.352184
   91.213000    211.362125
   91.272000    211.371589
   91.332000    211.381645
   91.395000    211.392670
   91.460000    211.404546
   91.522000    211.416348
   91.584000    211.428612
   91.647000    211.441547
   91.710000    211.454960
   91.771000    211.468400
   91.834000    211.482750
   91.897000    211.497576
   91.959000    211.512631
   92.022000    211.528401
   92.086000    211.544907
   92.149000    211.561634
   92.209000    211.578005
   92.283000    211.598789
   92.343000    211.616120
   92.398000    211.632385
   92.460000    211.651151
   92.533000    211.673834
   92.593000    211.692953
   92.648000    211.710854
   92.710000    211.731465
   92.783000    211.756317
   92.843000    211.777218
   92.898000    211.796751
   92.960000    211.819201
   93.033000    211.846216
   93.093000    211.868893
   93.148000    211.890053
   93.210000    211.914336
   93.283000    211.943507
   93.343000    211.967954
   93.398000    211.990737
   93.460000    212.016846
   93.533000    212.048166
   93.593000    212.074378
   93.648000    212.098777
   93.710000    212.126706
   93.783000    212.160168
   93.843000    212.188138
   93.898000    212.214147
   93.958000    212.242924
   94.032000    212.278995
   94.090000    212.307712
   94.145000    212.335307
   94.208000    212.367348
   94.282000    212.405573
   94.338000    212.434923
   94.392000    212.463570
   94.457000    212.498500
   94.532000    212.539413
   94.583000    212.567605
   94.639000    212.598908
   94.707000    212.637406
   94.780000    212.679328
   94.833000    212.710150
   94.889000    212.743067
   94.955000    212.782326
   95.033000    212.829367
   95.088000    212.862958
   95.155000    212.904345
   95.225000    212.948135
   95.283000    212.984842
   95.338000    213.020006
   95.405000    213.063308
   95.475000    213.109096
   95.533000    213.147457
   95.588000    213.184187
   95.655000    213.229395
   95.725000    213.277172
   95.783000    213.317179
   95.838000    213.355468
   95.905000    213.402573
   95.975000    213.452329
   96.033000    213.493974
   96.088000    213.533815
   96.155000    213.582808
   96.225000    213.634534
   96.283000    213.677808
   96.338000    213.719193
   96.405000    213.770065
   96.475000    213.823750
   96.533000    213.868647
   96.588000    213.911567
   96.656000    213.965099
   96.721000    214.016749
   96.777000    214.061624
   96.837000    214.110090
   96.908000    214.167957
   96.973000    214.221422
   97.028000    214.267027
   97.086000    214.315480
   97.155000    214.373606
   97.223000    214.431401
   97.278000    214.478519
   97.337000    214.529432
   97.406000    214.589459
   97.471000    214.646482
   97.527000    214.695979
   97.581000    214.744033
   97.654000    214.809499
   97.724000    214.872818
   97.780000    214.923857
   97.836000    214.975236
   97.904000    215.038081
   97.974000    215.103296
   98.030000    215.155849
   98.086000    215.208740
   98.154000    215.273418
   98.224000    215.340517
   98.280000    215.394575
   98.336000    215.448968
   98.404000    215.515468
   98.474000    215.584439
   98.530000    215.639992
   98.586000    215.695878
   98.654000    215.764188
   98.724000    215.835020
   98.780000    215.892058
   98.836000    215.949428
   98.904000    216.019536
   98.974000    216.092215
   99.030000    216.150730
   99.086000    216.209573
   99.154000    216.281468
   99.224000    216.355983
   99.280000    216.415963
   99.334000    216.474110
   99.391000    216.535818
   99.457000    216.607690
   99.530000    216.687712
   99.584000    216.747261
   99.643000    216.812668
   99.707000    216.884025
   99.780000    216.965931
   99.838000    217.031398
   99.893000    217.093797
   99.954000    217.163366
  100.030000    217.250574
  100.090000    217.319839
  100.146000    217.384817
  100.208000    217.457128
  100.280000    217.541593
  100.342000    217.614747
  100.399000    217.682344
  100.460000    217.755048
  100.531000    217.840142
  100.592000    217.913656
  100.649000    217.982686
  100.710000    218.056921
  100.781000    218.143794
  100.842000    218.218832
  100.899000    218.289285
  100.960000    218.365038
  101.031000    218.453675
  101.092000    218.530226
  101.149000    218.602089
  101.210000    218.679349
  101.281000    218.769735
  101.342000    218.847786
  101.399000    218.921048
  101.460000    218.999803
  101.531000    219.091924
  101.592000    219.171462
  101.649000    219.246111
  101.710000    219.326347
  101.781000    219.420189
  101.842000    219.501203
  101.899000    219.577227
  101.960000    219.658931
  102.031000    219.754479
  102.095000    219.841019
  102.153000    219.919784
  102.212000    220.000234
  102.280000    220.093367
  102.342000    220.178663
  102.403000    220.262939
  102.464000    220.347565
  102.529000    220.438125
  102.592000    220.526277
  102.653000    220.611985
  102.715000    220.699453
  102.778000    220.788700
  102.839000    220.875464
  102.902000    220.965436
  102.962000    221.051464
  103.028000    221.146479
  103.091000    221.237549
  103.156000    221.331892
  103.221000    221.426623
  103.278000    221.510011
  103.341000    221.602522
  103.406000    221.698348
  103.471000    221.794558
  103.528000    221.879240
  103.591000    221.973178
  103.656000    222.070472
  103.721000    222.168145
  103.778000    222.254108
  103.841000    222.349458
  103.906000    222.448205
  103.971000    222.547327
  104.028000    222.634558
  104.091000    222.731305
  104.156000    222.831490
  104.221000    222.932047
  104.278000    223.020532
  104.341000    223.118662
  104.406000    223.220269
  104.471000    223.322244
  104.528000    223.411970
  104.591000    223.511468
  104.656000    223.614482
  104.721000    223.717861
  104.779000    223.810412
  104.840000    223.908060
  104.903000    224.009243
  104.967000    224.112378
  105.029000    224.212621
  105.092000    224.314814
  105.155000    224.417342
  105.218000    224.520203
  105.278000    224.618475
  105.342000    224.723630
  105.407000    224.830778
  105.467000    224.929995
  105.529000    225.032833
  105.595000    225.142654
  105.657000    225.246145
  105.718000    225.348276
  105.793000    225.474263
  105.852000    225.573696
  105.907000    225.666642
  105.968000    225.770014
  106.043000    225.897524
  106.102000    225.998150
  106.157000    226.092205
  106.218000    226.196804
  106.293000    226.325817
  106.352000    226.427621
  106.407000    226.522772
  106.468000    226.628582
  106.543000    226.759079
  106.602000    226.862046
  106.657000    226.958278
  106.718000    227.065284
  106.793000    227.197245
  106.852000    227.301361
  106.907000    227.398660
  106.968000    227.506845
  107.043000    227.640252
  107.102000    227.745500
  107.157000    227.843852
  107.218000    227.953202
  107.293000    228.088034
  107.352000    228.194399
  107.407000    228.293789
  107.468000    228.404287
  107.524000    228.505972
  107.593000    228.631582
  107.655000    228.744751
  107.714000    228.852707
  107.776000    228.966428
  107.842000    229.087796
  107.902000    229.198406
  107.963000    229.311129
  108.026000    229.427830
  108.087000    229.541100
  108.148000    229.654637
  108.211000    229.772178
  108.276000    229.893746
  108.339000    230.011861
  108.409000    230.143430
  108.476000    230.269684
  108.542000    230.394362
  108.609000    230.521241
  108.676000    230.648433
  108.742000    230.774030
  108.809000    230.901839
  108.872000    231.022300
  108.926000    231.125768
  108.992000    231.252499
  109.059000    231.381454
  109.122000    231.502987
  109.176000    231.607372
  109.242000    231.735219
  109.309000    231.865301
  109.372000    231.987890
  109.426000    232.093175
  109.492000    232.222119
  109.559000    232.353310
  109.622000    232.476937
  109.676000    232.583108
  109.742000    232.713131
  109.809000    232.845411
  109.872000    232.970058
  109.926000    233.077101
  109.992000    233.208183
  110.059000    233.341535
  110.122000    233.467184
  110.176000    233.575082
  110.244000    233.711214
  110.311000    233.845626
  110.372000    233.968243
  110.426000    234.076982
  110.494000    234.214167
  110.559000    234.345565
  110.617000    234.463029
  110.674000    234.578667
  110.744000    234.720947
  110.805000    234.845174
  110.864000    234.965540
  110.923000    235.086113
  110.995000    235.233532
  111.059000    235.364828
  111.112000    235.473739
  111.172000    235.602060
  111.244000    235.750652
  111.306000    235.878850
  111.362000    235.994835
  111.422000    236.119307
  111.494000    236.268949
  111.556000    236.398047
  111.612000    236.514841
  111.672000    236.640178
  111.744000    236.790852
  111.806000    236.920835
  111.862000    237.038426
  111.922000    237.164613
  111.994000    237.316303
  112.056000    237.447158
  112.112000    237.565533
  112.172000    237.692556
  112.244000    237.845247
  112.306000    237.976959
  112.362000    238.096107
  112.422000    238.223955
  112.494000    238.377633
  112.556000    238.510192
  112.612000    238.630102
  112.672000    238.758765
  112.744000    238.913417
  112.807000    239.048967
  112.862000    239.167478
  112.921000    239.294789
  112.982000    239.426611
  113.037000    239.545638
  113.097000    239.675670
  113.160000    239.812411
  113.221000    239.945013
  113.285000    240.084351
  113.348000    240.221726
  113.410000    240.357127
  113.471000    240.490547
  113.534000    240.628552
  113.598000    240.768968
  113.662000    240.909606
  113.722000    241.041658
  113.784000    241.178321
  113.851000    241.326244
  113.920000    241.478846
  113.976000    241.602896
  114.034000    241.731566
  114.101000    241.880445
  114.170000    242.034047
  114.226000    242.158921
  114.284000    242.288457
  114.351000    242.438358
  114.420000    242.593037
  114.476000    242.718808
  114.534000    242.849297
  114.601000    243.000333
  114.670000    243.156226
  114.726000    243.283021
  114.784000    243.414614
  114.851000    243.566986
  114.920000    243.724336
  114.976000    243.852384
  115.034000    243.985350
  115.101000    244.139422
  115.170000    244.298672
  115.226000    244.428395
  115.284000    244.563242
  115.351000    244.719706
  115.420000    244.881719
  115.476000    245.013959
  115.537000    245.158886
  115.601000    245.312109
  115.667000    245.471685
  115.721000    245.603767
  115.776000    245.740207
  115.837000    245.894704
  115.895000    246.046206
  115.952000    246.201734
  116.016000    246.388517
  116.074000    246.574602
  116.137000    246.803742
  116.199000    247.068297
  116.265000    247.408425
  116.324000    247.777186
  116.389000    248.267200
  116.453000    248.842627
  116.509000    249.418198
  116.570000    250.106759
  116.638000    250.912448
  116.705000    251.682512
  116.770000    252.327108
  116.838000    252.798167
  116.900000    252.985820
  116.955000    252.947178
  117.020000    252.695046
  117.088000    252.272664
  117.150000    251.827617
  117.205000    251.435689
  117.270000    251.019275
  117.338000    250.670461
  117.400000    250.441830
  117.455000    250.310354
  117.520000    250.231299
  117.588000    250.221982
  117.650000    250.262514
  117.705000    250.326941
  117.770000    250.426644
  117.838000    250.549133
  117.900000    250.670897
  117.955000    250.784073
  118.020000    250.921853
  118.088000    251.069155
  118.150000    251.205406
  118.205000    251.327455
  118.267000    251.466093
  118.325000    251.596638
  118.390000    251.743765
  118.454000    251.889370
  118.517000    252.033320
  118.576000    252.168624
  118.641000    252.318178
  118.704000    252.463569
  118.765000    252.604713
  118.826000    252.746184
  118.892000    252.899585
  118.952000    253.039317
  119.015000    253.186293
  119.077000    253.331173
  119.142000    253.483296
  119.198000    253.614533
  119.263000    253.767054
  119.328000    253.919767
  119.396000    254.079720
  119.463000    254.237499
  119.528000    254.390727
  119.596000    254.551184
  119.663000    254.709430
  119.716000    254.834708
  119.778000    254.981365
  119.846000    255.142339
  119.913000    255.301066
  119.966000    255.426707
  120.028000    255.573769
  120.096000    255.735166
  120.163000    255.894290
  120.216000    256.020232
  120.278000    256.167632
  120.346000    256.329383
  120.413000    256.488839
  120.466000    256.615034
  120.528000    256.762719
  120.596000    256.924769
  120.663000    257.084507
  120.716000    257.210916
  120.778000    257.358842
  120.846000    257.521146
  120.913000    257.681124
  120.966000    257.807715
  121.026000    257.951067
  121.091000    258.106413
  121.146000    258.237898
  121.199000    258.364633
  121.266000    258.524886
  121.329000    258.675614
  121.392000    258.826379
  121.449000    258.962817
  121.516000    259.123227
  121.576000    259.266910
  121.640000    259.420202
  121.699000    259.561545
  121.768000    259.726875
  121.830000    259.875459
  121.892000    260.024066
  121.946000    260.153516
  122.019000    260.328538
  122.083000    260.482004
  122.142000    260.623497
  122.196000    260.753011
  122.269000    260.928112
  122.333000    261.081641
  122.392000    261.223186
  122.446000    261.352744
  122.519000    261.527897
  122.583000    261.681464
  122.642000    261.818302
  122.696000    261.947970
  122.769000    262.123262
  122.833000    262.276941
  122.892000    262.418612
  122.946000    262.548274
  123.019000    262.723551
  123.083000    262.877211
  123.142000    263.018859
  123.196000    263.148497
  123.269000    263.323735
  123.333000    263.477355
  123.392000    263.618962
  123.446000    263.748557
  123.519000    263.923732
  123.583000    264.077292
  123.642000    264.218838
  123.696000    264.348373
  123.769000    264.523462
  123.833000    264.676940
  123.892000    264.818405
  123.944000    264.943069
  124.019000    265.122841
  124.080000    265.269027
  124.136000    265.403207
  124.194000    265.542154
  124.264000    265.709814
  124.326000    265.858279
  124.383000    265.994743
  124.444000    266.140751
  124.516000    266.313044
  124.570000    266.442232
  124.627000    266.578566
  124.692000    266.733994
  124.770000    266.920450
  124.842000    267.092505
  124.920000    267.278832
  124.992000    267.450763
  125.070000    267.636952
  125.127000    267.772965
  125.192000    267.928017
  125.270000    268.114007
  125.342000    268.285618
  125.420000    268.471449
  125.492000    268.642908
  125.570000    268.828569
  125.627000    268.964188
  125.692000    269.118779
  125.770000    269.304202
  125.842000    269.475275
  125.920000    269.660507
  125.992000    269.831400
  126.070000    270.016433
  126.127000    270.151582
  126.192000    270.305629
  126.270000    270.490382
  126.342000    270.660823
  126.420000    270.845356
  126.492000    271.015589
  126.570000    271.199893
  126.627000    271.334498
  126.692000    271.487914
  126.770000    271.671898
  126.842000    271.841613
  126.920000    272.025346
  126.993000    272.197179
  127.072000    272.383000
  127.133000    272.526386
  127.193000    272.667337
  127.258000    272.819938
  127.340000    273.012307
  127.440000    273.246683
  127.540000    273.480812
  127.615000    273.656243
  127.690000    273.831530
  127.790000    274.065019
  127.865000    274.239961
  127.940000    274.414752
  128.015000    274.589390
  128.065000    274.705728
  128.140000    274.880105
  128.240000    275.112360
  128.315000    275.286361
  128.390000    275.460199
  128.490000    275.691723
  128.565000    275.865168
  128.640000    276.038442
  128.740000    276.269204
  128.815000    276.442069
  128.890000    276.614756
  128.990000    276.844723
  129.065000    277.016984
  129.140000    277.189060
  129.240000    277.418201
  129.315000    277.589834
  129.390000    277.761274
  129.490000    277.989557
  129.565000    278.160539
  129.640000    278.331320
  129.740000    278.558713
  129.815000    278.729019
  129.890000    278.899118
